0	2	0	0	.01
.1	1.9996497173907524	.0001299796477296992	98939268017274e-18	.010161820924667168
.2	1.9992974394701668	.00026056214357157834	.00019876493112901185	.010324313940175968
.3	1.9989430652405078	.00039177858400561884	.000299523050940404	.010487513499393782
.4	1.9985865280920465	.0005236481320274827	.0004012436296266918	.010651442861731142
.5	1.998227710394447	.000656205403759999	.0005039793473145026	.010816142472637577
.6	1.9978667279110283	.0007894163325040539	.0006076783600110253	.01098157252860978
.7	1.9975035806417902	.0009232809182596474	.0007123406677162601	.01114773302964775
.8	1.9971379619905198	.001057887196812237	.0008181061299023906	.011314728910357666
.9	1.99677000065658	.001193198213532095	.0009249160380001505	.01148251612252099
1	1.9963997228067045	.0013292064549248206	.001032758455575331	.011651085710398055
1.1	1.9960270310717874	.0014659398862277295	.001141677436188801	.01182047147439925
1.2	1.9956516846552697	.0016034676662653455	.001251781925545236	.011990757003897498
1.3	1.9952738093600293	.0017417536633787482	.0013630150055424365	.012161898628070857
1.4	1.9948933824019717	.0018808044213540123	.0014753869845884782	.012333904256119315
1.5	1.994510380997003	.0020206264839772127	.0015889081710914366	.01250678179724287
1.6	1.9941247823610289	.0021612263950344253	.0017035888734593862	.012680539160641519
1.7	1.993736413452743	.0023026537516198185	.0018195069376366656	.01285523714400618
1.8	1.9933451994408555	.002444930010640279	.0019366960661787959	.013030901976440475
1.9	1.9929511751566484	.0025880452073062388	.0020551406705633835	.013207521287317085
2	1.9925542980412823	.002732011551475988	.0021748599475412277	.013385109946276962
2.1	1.9921545255359172	.002876841253007817	.002295873093863125	.013563682822961061
2.2	1.9917518150817135	.003022546521760015	.0024181993062798736	.013743254787010328
2.3	1.991346077944474	.0031691453495602726	.0025418925692524278	.01392384818230092
2.4	1.990937287468691	.0033166479548891606	.0026669600982383293	.014105475304259981
2.5	1.9905254020210617	.003465066431711409	.0027934203927049376	.014288150872715195
2.6	1.9901103751812355	.003614413473414556	.0029212955585978507	.014471890382356016
2.7	1.9896921605288624	.0037647017733861386	.003050607701862666	.014656709327871902
2.8	1.989270698191855	.003915946793818788	.003181386643253424	.014842627161450326
2.9	1.988845869304785	.004068176139654186	.0033136960372465493	.015029680691106887
3	1.9884176812636911	.0042213914271160835	.0034475271251388794	.01521786957876121
3.1	1.9879860861732557	.00437560565318821	.0035829028587956056	.01540720975303771
3.2	1.9875510361381619	.004530831814854298	.0037198461900819196	.015597717142560807
3.3	1.9871124832630922	.004687082909098077	.0038583800708630127	.015789407675954922
3.4	1.9866703796527294	.004844371932903281	.003998527453004077	.015982297281844467
3.5	1.9862246774117562	.0050027118832536395	.004140311288370304	.016176401888853865
3.6	1.9857753286448554	.005162115757132885	.004283754528826886	.01637173742560753
3.7	1.9853222854567096	.005322596551524748	.004428880126239013	.01656831982072988
3.8	1.9848654999520017	.0054841672634129614	.004575711032471876	.016766165002845338
3.9	1.9844049242354143	.005646840889781256	.004724270199390669	.016965288900578315
4	1.9839404942715446	.00581060920931719	.00487463288304439	.017165687514818173
4.1	1.9834721701491747	.005975495715167957	.0050267961617191945	.017367386631944304
4.2	1.9829999066883643	.0061415169740436934	.005180774187722368	.017570405533185944
4.3	1.9825236555805499	.006308685439659713	.005336591252103491	.017774759636942326
4.4	1.9820433685171666	.006477013565731334	.005494271645912145	.017980464361612686
4.5	1.9815589971896501	.006646513805973872	.005653839660197911	.01818753512559626
4.6	1.981070493289436	.006817198614102644	.0058153195860103715	.018395987347292284
4.7	1.9805778085079606	.006989080443832969	.00597873571439911	.018605836445099992
4.8	1.9800808945366588	.0071621717488801594	.006144112336413705	.018817097837418622
4.9	1.9795797030669666	.007336484982959537	.006311473743103741	.019029786942647408
5	1.9790741857903198	.007512032599786413	.006480844225518797	.019243919179185585
5.1	1.97856440767071	.007688764681088457	.00665225205804226	.019459436786894616
5.2	1.9780503796647217	.00786666104703577	.006825723615837251	.01967631689655118
5.3	1.9775319481929778	.008045792117280173	.007001279488008242	.01989464293565016
5.4	1.9770090701942362	.008226167456170531	.007178944150131744	.02011442693261366
5.5	1.9764817026072552	.008407796628055705	.0073587420777842605	.020335680915863776
5.6	1.9759498023707927	.00859068919728456	.007540697746542298	.020558416913822607
5.7	1.9754133264236065	.008774854728205961	.007724835631982366	.020782646954912252
5.8	1.974872231704455	.008960302785168768	.007911180209680967	.021008383067554804
5.9	1.9743264751520957	.009147042932521847	.008099755955214609	.02123563728017237
6	1.973776013705287	.00933508473461406	.008290587344159798	.021464421621187037
6.1	1.973220804302787	.009524437755794268	.00848369885209304	.02169474811902091
6.2	1.9726607648056638	.009715121081574449	.008679134710180834	.021926641870011768
6.3	1.972095575358449	.009907211716395723	.008877059326358426	.02216020746495346
6.4	1.9715254206880906	.010100663724690127	.009077382018674932	.022395380757936737
6.5	1.9709502506714223	.010295488391423512	.009280130832838306	.022632176138952083
6.6	1.970370015185277	.010491697001561738	.0094853338145565	.02287060799798998
6.7	1.9697846641064882	.010689300840070663	.009693019009537477	.023110690725040912
6.8	1.9691941473118897	.010888311191916137	.009903214463489183	.02335243871009536
6.9	1.9685984146783142	.011088739342064021	.01011594822211958	.023595866343143812
7	1.9679974160825955	.011290596575480169	.010331248331136618	.02384098801417674
7.1	1.9673911014015668	.011493894177130436	.010549142836248252	.024087818113184636
7.2	1.9667794205120617	.011698643431980684	.010769659783162442	.024336371030157976
7.3	1.9661623232909131	.01190485562499676	.010992827217587138	.024586661155087244
7.4	1.9655396452926732	.012112550836263686	.01121876528183859	.024838720785368806
7.5	1.964911385051363	.012321736607419625	.011447462823999614	.025092556689346745
7.6	1.964277517585597	.012532422289205885	.011678927635871708	.025348179318810882
7.7	1.9636379896851455	.012744619404084358	.011913190250062551	.0256056035473083
7.8	1.9629927481397786	.012958339474516935	.012150281199179816	.02586484424838608
7.9	1.9623417397392664	.013173594022965512	.012390231015831183	.026125916295591307
8	1.9616849112733792	.013390394571891975	.012633070232624326	.026388834562471052
8.1	1.961022209531887	.013608752643758219	.012878829382166924	.026653613922572407
8.2	1.96035358130456	.013828679761026136	.013127538997066653	.02692026924944245
8.3	1.9596789733811686	.01405018744615762	.013379229609931195	.027188815416628268
8.4	1.9589983325514826	.014273287221614559	.013633931753368219	.02745926729767693
8.5	1.9583115803913251	.014497981183246682	.01389171599128907	.027731632578475485
8.6	1.9576186450952795	.014724273901426332	.01415264237923105	.028005920831699886
8.7	1.9569195009235858	.014952187168862641	.014416697835894906	.028282154761817203
8.8	1.9562140933876173	.015181732030069551	.014683914923554881	.028560348877945896
8.9	1.9555023679987469	.015412919529561	.014954326204485202	.028840517689204405
9	1.9547842702683476	.015645760711850934	.015227964240960103	.029122675704711186
9.1	1.9540597457077924	.0158802666214533	.01550486159525382	.029406837433584687
9.2	1.9533287398284542	.016116448302882037	.015785050829640587	.029693017384943357
9.3	1.9525911981417063	.016354316800651095	.016068564506394645	.02998123006790565
9.4	1.9518470661589213	.016593883159274406	.01635543518779022	.03027148999159001
9.5	1.9510962893914725	.016835158423265925	.016645695436101546	.030563811665114893
9.6	1.950338807601521	.017078151801194853	.01693938640212618	.030858208259776546
9.7	1.9495745029602292	.01732285411060756	.017236635269604728	.031154679545640676
9.8	1.948803371382211	.01756929249171323	.017537399305378232	.03145325176048948
9.9	1.948025356876053	.01781747750912816	.017841713316675268	.031753939063748
10	1.9472404034503417	.018067419727468653	.018149612110724418	.03205675561484133
10.1	1.9464484551136627	.018319129711351002	.01846113049475427	.032361715573194526
10.2	1.945649455874603	.018572618025391514	.018776303275993406	.03266883309823265
10.3	1.9448433497417483	.018827895234206485	.019095165261670415	.0329781223493808
10.4	1.9440300807236854	.01908497190241221	.019417751259013863	.03328959748606401
10.5	1.9432095928290003	.019343858594624994	.01974409607525234	.033603272667707365
10.6	1.9423818300662796	.019604565875461128	.020074234517614434	.03391916205373593
10.7	1.9415467364441092	.01986710430953692	.020408201393328718	.03423727980357477
10.8	1.9407041656579174	.020131480586339175	.02074612295713138	.03455764373102265
10.9	1.939854093269992	.020397706624380795	.021088002066229433	.0348802667187359
11	1.9389964883019486	.020665794061529547	.021433848200653673	.0352051619140284
11.1	1.9381312921839728	.020935753351768487	.02178369877841882	.03553234358065599
11.2	1.93725844634625	.02120759494908067	.022137591217539596	.0358618259823745
11.3	1.9363778922189658	.021481329307449157	.022495562936030732	.03619362338293976
11.4	1.935489571232305	.02175696688085699	.022857651351906934	.036527750046107595
11.5	1.9345934248164531	.022034518123287234	.02322389388318293	.03686422023563384
11.6	1.9336893944015956	.022313993488722945	.02359432794787344	.03720304821527432
11.7	1.9327774214179179	.022595403431147174	.023968990963993193	.03754424824878488
11.8	1.931857447295605	.022878758404542985	.024347920349556913	.037887834599921344
11.9	1.9309293554410465	.023164071185165214	.024731203910760155	.03823382861689724
12	1.929993029630066	.02345135453448295	.025118929132980184	.03858225160281983
12.1	1.9290484856145649	.023740615931919895	.0255110688928479	.038933108747080745
12.2	1.9280956615790217	.024031865961361212	.025907663426967514	.039286414709722765
12.3	1.9271344957079148	.02432511520669206	.02630875297194325	.039642184150788656
12.4	1.926164926185723	.024620374251797604	.0267143777643793	.04000043173032118
12.5	1.9251868911969248	.024917653680563003	.027124578040879886	.040361172108363125
12.6	1.9242003289259983	.02521696407687342	.027539394038049222	.040724419944957256
12.7	1.9232051775574228	.025518316024614022	.027958865992491515	.04109018990014634
12.8	1.9222013752756764	.025821720107669973	.02838303414081099	.041458496633973156
12.9	1.9211888602652376	.026127186909926423	.028811938719611838	.041829354806480465
13	1.9201675593505239	.026434727662936204	.029245629483157745	.04220278067068953
13.1	1.9191371716418995	.026744366580843348	.02968434696856318	.04257882241110407
13.2	1.9180978215710944	.027056103629075824	.030127975371199843	.04295746857101759
13.3	1.9170494425778293	.027369949662030213	.030576558902913713	.043338734475812345
13.4	1.9159919681591815	.027685915530833025	.031030141727496373	.04372263544282766
13.5	1.914925331869585	.028004012083340735	.03148876796068503	.04410918678136
13.6	1.9138494673208304	.028324250164139756	.031952481670162514	.0444984037926629
13.7	1.9127643081820649	.028646640614546443	.032421326875557266	.04489030176994702
13.8	1.9116697881797924	.028971194272607102	.03289534754844337	.045284895998380106
13.9	1.9105658410978734	.02929792197309797	.03337458761234048	.04568220175508698
14	1.9094524007775249	.02962683454752525	.033859090942713915	.046082234309149595
14.1	1.9083294011173204	.02995794282412507	.034348901366974584	.04648500892160699
14.2	1.9071967760731903	.030291257627863524	.03484406266447903	.04689054084545531
14.3	1.9060544596584217	.030626789780436637	.035344618566529415	.04729884532564779
14.4	1.9049023859436576	.030964550100270372	.0358506127563735	.04770993759909476
14.5	1.9037404890568985	.03130454940252066	.03636208886920468	.048123832894663654
14.6	1.902568703183501	.03164679849907334	.03687909049216197	.04854054643317901
14.7	1.9013869625661786	.031991308198544254	.03740166116433	.048960093427422455
14.8	1.900195201505001	.03233808930627914	.03792984437673902	.04938248908213273
14.9	1.8989933543573947	.03268715262435369	.03846368357236488	.049807748594005656
15	1.8977813555381433	.03303850895157355	.039003222146129085	.05023588715169416
15.1	1.8965591395193862	.03339216908347432	.03954850344489872	.05066691993580827
15.2	1.8953265412625786	.03374812571674579	.0400996954148731	.05110085280722259
15.3	1.894083377724293	.034106368262161985	.040656988565979144	.051537689929572084
15.4	1.8928297479870069	.03446693739059096	.04122022024370001	.05197746183775228
15.5	1.891565582940517	.034829843191734045	.041789438374568826	.05242018332372152
15.6	1.8902908134345517	.035195095734316506	.04236469095902831	.052865869162283974
15.7	1.8890053702787726	.03556270506608753	.04294602607143083	.05331453411108972
15.8	1.8877091842427722	.03593268121382024	.043533491860038395	.05376619291063468
15.9	1.8864021860560758	.036305034183311664	.04412713654702261	.05422086028426063
16	1.8850843064081402	.03667977395938277	.04472700842846475	.05467855093815524
16.1	1.8837554759483546	.03705691050587846	.04533315587435569	.055139279561352034
16.2	1.88241562528604	.03743645376566754	.04594562732859595	.05560306082573037
16.3	1.8810646849904495	.037818413660642765	.0465644713089957	.05606990938601554
16.4	1.8797025855907685	.03820280009172078	.047189736407274696	.05653983987977862
16.5	1.8783292575761144	.038589622938842216	.047821471289062376	.05701286692743664
16.6	1.876944631395536	.038978892060971576	.048459724693897775	.05748900513225242
16.7	1.875548637458015	.039370617296097296	.049104545435229546	.057968269080334665
16.8	1.8741412061324647	.03976480846123177	.04975598240041603	.058450673340637985
16.9	1.8727222677477304	.04016147535241127	.05041408455072512	.058936232464962796
17	1.8712917525925898	.04056062774469606	.05107890092133445	.059424960987955446
17.1	1.8698495909157524	.04096227539217026	.05175048062133117	.05991687342710809
17.2	1.8683957129258597	.04136642802794194	.0524288728337121	.06041198428275875
17.3	1.866930048791485	.041773095364143135	.053114126815383744	.06091030803809138
17.4	1.8654521768248498	.042182329869586616	.05380654531152833	.06141193332481781
17.5	1.8639621174534746	.04259413023004229	.054506112655348535	.06191685554761363
17.6	1.8624599651087814	.04300848610723155	.05521275991985505	.06242505448494032
17.7	1.860945642878501	.0434254079708605	.055926541642501756	.0629365460102769
17.8	1.859419073610859	.04384490629390894	.056647512578307135	.06345134602199115
17.9	1.8578801799145768	.04426699155263022	.057375727699854176	.0639694704433395
18	1.8563288841588708	.04469167422655136	.0581112421972905	.0644909352224672
18.1	1.8547651084734529	.04511896479847297	.058854111478328225	.06501575633240816
18.2	1.8531887747485303	.04554887375446928	.059604391168244016	.06554394977108503
18.3	1.851599804634805	.04598141158388819	.06036213710987919	.06607553156130926
18.4	1.849998119543475	.04641658877935115	.06112740536363951	.0666105177507809
18.5	1.8483836406462326	.046854415836753295	.061900252207495406	.06714892441208888
18.6	1.8467562888752667	.047294903255263344	.06268073413698179	.06769076764271074
18.7	1.8451159849232601	.047738061537323635	.06346890786519813	.06823606356501279
18.8	1.8434626492433916	.048183901188650166	.06426483032280854	.0687848283262501
18.9	1.8417962020493355	.0486324327182325	.06506855865804158	.06933707809856642
19	1.8401165633152605	.04908366663833389	.06588015023669049	.06989282907899427
19.1	1.8384236527758315	.04953761346449115	.06669966264211295	.0704520974894549
19.2	1.8367173899262084	.049994283715514724	.06752715367523127	.07101489957675823
19.3	1.8349976940220456	.050453687913488726	.06836268135453233	.071581251612603
19.4	1.833264484079494	.05091583658377083	.0692063039160675	.07215116989357657
19.5	1.831517678875199	.05138074025499238	.07005807981345281	.07272467074115517
19.6	1.8297571827364467	.05184839433226707	.07091810656541489	.07330175782050444
19.7	1.827982925084331	.05231882119200741	.07178641265088645	.07388245742970545
19.8	1.8261948243914463	.052792031813874166	.07266305604309695	.07446678633477764
19.9	1.8243927982883257	.053268036539361546	.07354809658014094	.0750547607888925
20	1.822576764160623	.05374684570751702	.0744415943323685	.07564639706531476
20.1	1.820746639149114	.0542284696549412	.07534360960238493	.07624171145740216
20.2	1.818902340149696	.05471291871578789	.07625420292505095	.07684072027860564
20.3	1.8170437838133875	.05520020322176411	.07717343506748268	.07744343986246931
20.4	1.8151708865463296	.05569033350213004	.07810136702905153	.07804988656263033
20.5	1.8132835645097838	.05618331988369909	.07903806004138438	.07866007675281908
20.6	1.8113817336201339	.05667917269083782	.07998357556836339	.07927402682685904
20.7	1.8094653095488853	.05717790224546596	.08093797530612604	.0798917531986668
20.8	1.8075342077226646	.05767951886705653	.08190132118306534	.08051327230225215
20.9	1.8055883433232205	.058184032872635606	.0828736753598295	.08113860059171794
21	1.8036276312874229	.05869145457678258	.0838551002293222	.08176775454126027
21.1	1.801651986307263	.05920179429162994	.08484565841670244	.08240075064516825
21.2	1.7996613228298548	.059715062326863376	.08584541277938455	.08303760541782416
21.3	1.7976555550574325	.060231268989721844	.08685442640703835	.08367833539370352
21.4	1.7956345969473528	.06075042458499739	.08787276262158884	.08432295712737482
21.5	1.7935983622120935	.061272539415035326	.08890048497721657	.08497148719349984
21.6	1.791546764319254	.06179762377973411	.08993765726035735	.08562394218683339
21.7	1.7894799661027945	.06232563396737503	.09098419927031633	.08628027021197987
21.8	1.7873984331876118	.06285646069497809	.09203985595182883	.08694033622006778
21.9	1.7853014189238199	.06339025692784683	.09310507276369084	.08760433784548154
22	1.7831888426045484	.06392703148366367	.09417991048956845	.08827228989558318
22.1	1.7810606233205268	.06446679316847308	.09526443012084022	.08894420718616901
22.2	1.7789166799600853	.06500955077668157	.09635869285659734	.08962010454146957
22.3	1.7767569312091518	.06555531309105786	.09746276010364371	.09029999679414982
22.4	1.7745812955512554	.06610408888273264	.09857669347649564	.0909838987853089
22.5	1.7723896912675237	.06665588691119881	.09970055479738224	.09167182536448032
22.6	1.7701820364366847	.06721071592431124	.10083440609624506	.09236379138963184
22.7	1.7679582489350654	.067768584658287	.10197830961073827	.09305981172716553
22.8	1.7657182464365926	.0683295018377052	.10313232778622877	.0937599012519178
22.9	1.7634619464127927	.068893476175507	.10429652327579589	.09446407484715927
23	1.7611892661327917	.06946051637299579	.10547095894023172	.09517234740459495
23.1	1.7589001226633154	.0700306311198369	.10665569784804083	.09588473382436408
23.2	1.7565944328686887	.07060382909405782	.10785080327544036	.09660124901504018
23.3	1.754272113410836	.07118011896204815	.10905633870636022	.09732190789363115
23.4	1.7519330807492823	.07175950937855954	.11027236783244274	.09804672538557913
23.5	1.7495772511411511	.0723420089867058	.11149895455304298	.09877571642476056
23.6	1.7472045406411658	.07292762641796274	.11273616297522855	.09950889595348619
23.7	1.74481486510165	.07351637029216831	.11398405741377958	.10024627892250101
23.8	1.7424081401725258	.0741082492175226	.11524270239118897	.10098788029098443
23.9	1.7399842813013158	.07470327179058767	.11651216263766204	.10173371502655
24	1.7375432037331415	.0753014465962878	.11779250309111686	.10248379810524572
24.1	1.7350848225107247	.0759027822079093	.119083788897184	.10323814451155376
24.2	1.7326090524743862	.07650728718710056	.12038608540920664	.10399676923839063
24.3	1.7301158082620465	.07711497008387211	.12169945818824064	.1047596872871072
24.4	1.7276050043092261	.07772583943659651	.12302397300305433	.10552691366748851
24.5	1.7250765548490445	.07833990377200852	.1243596958301288	.10629846339775403
24.6	1.722530373912221	.07895717160520484	.1257066928536576	.10707435150455744
24.7	1.719966375327075	.07957765143964438	.1270650304655469	.1078545930229867
24.8	1.7173844727195247	.08020135176714811	.12843477526541555	.10863920299656415
24.9	1.714784579513088	.08082828106789906	.1298159940605949	.10942819647724635
25	1.712168130364034	.0814581946945721	.1312077369397902	.11022125333483282
25.1	1.709534469327329	.08209119576059319	.1326104514207862	.11101851398775421
25.2	1.7068828265969358	.08272740627673678	.13402466119842305	.11182014390324271
25.3	1.7042131278427535	.08336683250455583	.13545042518427125	.11262615529060088
25.4	1.7015252987702394	.08400948065437713	.13688780233856288	.11343656031514052
25.5	1.6988192651204082	.0846553568853014	.1383368516701919	.1142513710981828
25.6	1.6960949526698317	.08530446730520319	.1397976322367139	.11507059971705812
25.7	1.6933522872306397	.08595681797073088	.14127020314434613	.11589425820510617
25.8	1.6905911946505188	.08661241488730685	.14275462354796772	.11672235855167606
25.9	1.6878116008127135	.08727126400912723	.1442509526511193	.11755491270212604
26	1.6850134316360255	.08793337123916209	.1457592497060035	.1183919325578238
26.1	1.6821966130748138	.08859874242915537	.1472795740134844	.11923342997614626
26.2	1.6793610711189955	.08926738337962484	.14881198492308786	.1200794167704796
26.3	1.6765067317940439	.0899392998398622	.15035654183300165	.12092990471021942
26.4	1.6736335211609914	.09061449750793296	.15191330419007495	.12178490552077048
26.5	1.670741365316426	.0912929820306766	.15348233148981894	.12264443088354696
26.6	1.6678301903924948	.09197475900370637	.15506368327640635	.12350849243597228
26.7	1.6648999225569012	.09265983397140944	.15665741914267162	.12437710177147915
26.8	1.6619504880129066	.09334821242694688	.1582635987301111	.12525027043950962
26.9	1.6589818129993297	.09403989981225357	.15988228172888252	.126128009945515
27	1.6559938237905463	.09473490151803833	.1615135278778057	.12701033175095597
27.1	1.65298644669649	.09543322288378381	.16315739696436193	.12789724727330243
27.2	1.6499596080626522	.09613486919774653	.16481394882469427	.12878876788603355
27.3	1.646913234270081	.09683984569695694	.1664832433436076	.129684904918638
27.4	1.643847251735382	.09754815756721928	.1681653404545683	.13058566965661345
27.5	1.6407615869107186	.09825980994311174	.16986030013970474	.13149107334146717
27.6	1.6376561662838116	.09897480790798636	.17156818242980681	.13240112717071553
27.7	1.6345309163779391	.099693156493969	.17328904740432616	.13331584229788424
27.8	1.6313857637519364	.10041486068195947	.17502295519137623	.13423522983250838
27.9	1.628220635000197	.1011399254016314	.17676996596773203	.13515930084013222
28	1.625035456752671	.10186835553143235	.17853013995883052	.1360880663423095
28.1	1.6218301556748664	.1026001558985837	.18030353743877015	.13702153731660308
28.2	1.6186049818626076	.10333528127377564	.18208999703379217	.13795965577267194
28.3	1.6153630664473742	.10407324089835406	.18388738240938848	.13890174965942886
28.4	1.6121012368503622	.1048145186867496	.185697878680941	.1398484903755264
28.5	1.6088194409285435	.10555911600651591	.18752153188733262	.14079988423642037
28.6	1.6055176269915428	.10630703410948666	.18935838783017672	.1417559374246818
28.7	1.602195743801637	.10705827413177549	.19120849207381768	.142716655989997
28.8	1.598853740573756	.10781283709377616	.19307188994533087	.14368204584916797
28.9	1.595491566975482	.1085707239001624	.19494862653452222	.14465211278611176
29	1.5921091731270496	.109331935339888	.19683874669392878	.145626862451861
29.1	1.5887065096013466	.11009647208618677	.19874229503881835	.1466063003645636
29.2	1.585283527423913	.11086433469657252	.2006593159471894	.1475904319094828
29.3	1.5818401780729416	.11163552361283918	.2025898535597716	.14857926233899735
29.4	1.5783764134792775	.11241003916106061	.20453395178002512	.1495727967726012
29.5	1.5748921860264185	.11318788155159079	.2064916542741413	.1505710401969039
29.6	1.5713874485505148	.11396905087906367	.20846300447104207	.15157399746563013
29.7	1.5678621543403701	.11475354712239322	.21044804556238023	.15258167329962008
29.8	1.5643162571374394	.11554137014477352	.21244682050253968	.15359407228682928
29.9	1.5607497111358313	.11633251969367858	.21445937200863485	.15461119888232863
30	1.5571624709823062	.11712699540086255	.21648574256051126	.15563305740830444
30.1	1.5535544917762776	.11792479678235954	.21852597440074512	.15665965205405832
30.2	1.5499257290698119	.11872592323848365	.22058010953464352	.15769098687600727
30.3	1.546276138867627	.11953037405382916	.22264818973024453	.15872706579768373
30.4	1.5426056776270947	.12033814839727021	.22473025651831682	.15976789260973542
30.5	1.538914302258238	.12114924532196111	.22682635119236025	.16081347096992557
30.6	1.535201970123734	.12196366376533611	.22893651480860522	.16186380440313258
30.7	1.5314686390389114	.12278140254910952	.231060788186013	.16291889630135037
30.8	1.5277142672717514	.12360246037927572	.23319921190627596	.16397874992368822
30.9	1.5239388135428886	.12442683584610903	.23535182631381707	.16504336839637068
31	1.5201422370256095	.12525452742416393	.23751867151579031	.16611275471273787
31.1	1.516324497345853	.1260855334722748	.2396997873820804	.16718691173324507
31.2	1.5124855545822116	.12691985223355615	.24189521354530286	.168265842185463
31.3	1.5086253692659295	.12775748183540245	.2441049894008043	.16934954866407786
31.4	1.5047439023809037	.12859842028948823	.24632915410666187	.17043803363089105
31.5	1.5008441964019172	.12944224603110388	.24856553524756395	.17153069909288476
31.6	1.4969266781021924	.13028889354994844	.25081383784847483	.17262745666621088
31.7	1.4929884833305536	.13113874531674602	.2530761289984977	.17372885913933622
31.8	1.4890296098094886	.131991794125104	.2553524218379714	.17483490163701493
31.9	1.485050056400596	.1328480325594536	.2576427287772789	.17594557901736446
32	1.4810498231045819	.1337074529950502	.2599470614968474	.17706088587186566
32.1	1.4770289110612629	.1345700475979731	.2622654309471481	.17818081652536277
32.2	1.472987322549564	.13543580832512564	.2645978473486967	.17930536503606337
32.3	1.4689250609875208	.1363047269242351	.2669443201920526	.1804345251955384
32.4	1.4648421309322763	.13717679493385293	.2693048582378201	.1815682905287223
32.5	1.4607385380800841	.13805200368335446	.27167946951664695	.18270665429391283
32.6	1.456614289266307	.13893034429293907	.2740681613292255	.18384960948277107
32.7	1.4524693924654166	.1398118076736301	.2764709402462922	.18499714882032148
32.8	1.4483038567909945	.1406963845272749	.27888781210862745	.1861492647649519
32.9	1.4441176924957302	.141584065346545	.2813187820270563	.18730594950841373
33	1.4399109109714237	.14247484041493574	.2837638543824476	.1884671949758215
33.1	1.435683524748984	.14336869980676656	.2862230328257145	.1896329928256533
33.2	1.4314355474984295	.14426563338718085	.28869632027781433	.19080333444975045
33.3	1.4271669940288876	.14516563081214598	.29118371892974837	.1919782109733177
33.4	1.4228778802885946	.14606868152845356	.29368523024256266	.19315761325492328
33.5	1.418568223364897	.14697477477371898	.2962008549473469	.19434153188649872
33.6	1.4142380414842501	.14788389957638168	.29873059304523514	.19552995719333888
33.7	1.4098873540122183	.14879604475570513	.3012744438074056	.19672287923410206
33.8	1.4055161814534758	.14971119892177676	.3038324057750805	.19792028780080984
33.9	1.401124545451805	.1506293504755082	.3064044767595268	.19912217241884744
34	1.3967124687900991	.15155048760863488	.30899065384205504	.2003285223469632
34.1	1.3922799753903592	.15247459830371632	.3115909333740202	.2015393265772689
34.2	1.3878270903136967	.15340167033413601	.3142053109768214	.20275457383523973
34.3	1.383353839760332	.15433169126410146	.3168337815419018	.20397425257971416
34.4	1.3788602510695938	.1552646484486443	.31947633923074914	.20519835100289432
34.5	1.3743463527199216	.15620052903362006	.322132977474895	.20642685703034544
34.6	1.3698121743288632	.15713931995570823	.3248036889759152	.2076597583209962
34.7	1.3652577466530758	.15808100794241245	.3274884657054298	.20889704226713868
34.8	1.3606892634375864	.15902480943896863	.3301827785551199	.2101375340928465
34.9	1.356101853902506	.15997132360557964	.33289021548902564	.21138214533898186
35	1.351495080875598	.16092059544840764	.33561111206981636	.21263095147675173
35.1	1.3468690174183537	.161872606140671	.3383454296569586	.21388393171392137
35.2	1.342223738467255	.1628273365544457	.3410931283401182	.21514106485285878
35.3	1.337559320833775	.1637847672606655	.34385416693916027	.2164023292905347
35.4	1.3328758432043768	.16474487852912184	.34662850300415	.21766770301852284
35.5	1.3281733861405152	.16570765032846385	.34941609281535124	.21893716362299948
35.6	1.3234520320786356	.16667306232619833	.35221689138322754	.22021068828474372
35.7	1.3187118653301741	.16764109388868978	.3550308524484417	.22148825377913745
35.8	1.3139529720815581	.1686117240811603	.357857928481856	.22276983647616522
35.9	1.3091754403942046	.16958493166768993	.3606980706845324	.2240554123404147
36	1.3043793602045226	.1705606951112162	.36355122898773196	.22534495693107592
36.1	1.2995648233239117	.17153899257353436	.3664173520529151	.22663844540194195
36.2	1.294731923438762	.1725198019152974	.3692963872717418	.2279358525014085
36.3	1.2898807561104548	.17350310069601588	.3721882807660712	.22923715257247398
36.4	1.2850114187753618	.1744888661740583	.3750929773879624	.2305423195527399
36.5	1.2801240107448457	.17547707530665063	.3780104207196733	.23185132697441024
36.6	1.2752186332052604	.17646770474987664	.3809405530736614	.23316414796429186
36.7	1.27029538921795	.17746073085867775	.3838833154925838	.23448075524379436
36.8	1.2653543837192502	.17845612968685298	.3868386477492965	.23580112112893
36.9	1.2603957235204866	.17945387698705934	.3898064883468557	.2371252175303142
37	1.2554195173079759	.1804539482108112	.3927867745185163	.2384530159531648
37.1	1.2504258756430262	.18145631850848082	.39577944222773287	.23978448749730244
37.2	1.245414910961936	.18246096272929807	.39878442616815934	.24111960285715064
37.3	1.2403867375759947	.18346785542135047	.40180165976364884	.2424583323217356
37.4	1.2353414716714821	.18447697083158346	.40483107516825456	.2438006457746865
37.5	1.2302792313096695	.1854882829057999	.4078726032662285	.24514651269423504
37.6	1.2252001364268188	.1865017652886605	.41092617367202205	.24649590215321585
37.7	1.2201043088341823	.18751739132368359	.41399171473028634	.2478487828190662
37.8	1.2149918722180042	.18853513405324518	.4170691535158714	.24920512295382619
37.9	1.209862952139518	.18955496621857912	.4201584158338275	.2505648904141389
38	1.204720018046627	.19057658554169726	.4232576988723088	.2519275993892459
38.1	1.1995660349272061	.19159963153654402	.4263648344478259	.2532926681213769
38.2	1.1943967807270228	.19262458667623347	.42948295528178637	.2546609057568095
38.3	1.18921242872762	.19365141777958172	.43261195243558426	.25603227074654
38.4	1.1840131548786403	.19468009127123093	.4357517151158563	.2574067209826727
38.5	1.1787991377978302	.19571057318164875	.4389021306744799	.25878421379841937
38.6	1.1735705587710368	.19674282914712854	.44206308460857446	.26016470596809976
38.7	1.1683276017522095	.19777682440978958	.4452344605605009	.26154815370714124
38.8	1.1630704533633998	.19881252381757664	.4484161403178616	.26293451267207896
38.9	1.1577993028947597	.19984989182426055	.4516080038135012	.2643237379605561
39	1.1525143423045447	.20088889248943761	.4548099291255051	.26571578411132335
39.1	1.1472157662191111	.20192948947852996	.4580217924772009	.26711060510423923
39.2	1.1419037719329173	.20297164606278542	.46124346823715745	.26850815436027003
39.3	1.136578559408524	.20401532511927753	.46447482891918523	.2699083847414898
39.4	1.1312403312765924	.20506048913090577	.4677157451823369	.2713112485510806
39.5	1.125889292835887	.2061071001863951	.470966085830906	.2727166975333319
39.6	1.1205256520532731	.20715511998029634	.474225717814428	.2741246828736411
39.7	1.1151496195637187	.20820450981298602	.47749450622768	.2755351551985135
39.8	1.1097614086702932	.20925523059066634	.48077231431068046	.27694806457556187
39.9	1.104361235344167	.21030724282536545	.48405900344868996	.27836336051350713
40	1.0989493182246135	.211360506634937	.48735443317221033	.27978099196217776
40.1	1.0935258786190076	.21241498174306048	.49065846115698497	.28120090731250996
40.2	1.088091140502826	.21347062747924112	.493970943223999	.2826230543965478
40.3	1.0826453305196473	.21452740277880974	.49729173333947885	.28404738048744305
40.4	1.0771886779811515	.2155852661829232	.5006206836148934	.28547383229945544
40.5	1.0717214148671206	.21664417583856385	.5039576443069523	.28690235598795233
40.6	1.0662437758254386	.21770408949853984	.5073024638176071	.2883328971494088
40.7	1.0607559981720915	.21876496452148506	.510654988694051	.2897654008214078
40.8	1.0552583218911673	.21982675787185904	.5140150636287184	.2911998114826399
40.9	1.0497509896348545	.2208894261199473	.5173825314592863	.2926360730529038
41	1.0442342467234447	.22195292544186088	.5207572331686724	.29407412889310564
41.1	1.0387083411453308	.22301721161953655	.5241390078850362	.2955139218052594
41.2	1.033173523557008	.22408224004073696	.5275276928817789	.29695539403248694
41.3	1.0276330318920293	.22514785740321008	.530920580165545	.29839804339085846
41.4	1.0220855221315368	.2262140763624164	.5343188667916005	.2998420489578835
41.5	1.0165303360268592	.22728088439344207	.5377231658372795	.30128748766189767
41.6	1.0109677574555076	.22834823448918157	.5411332879415672	.30273429615704645
41.7	1.005398073404123	.22941607923235255	.544549041512857	.3041824104729939
41.8	.9998215739684765	.23048437079549566	.5479702327289502	.3056317660149226
41.9	.9942385523534674	.23155306094097503	.5513966655370576	.3070822975635339
42	.9886493048731256	.23262210102097758	.554828141653797	.3085339392750474
42.1	.9830541309506108	.23369144197751357	.5582644605651954	.3099866246812014
42.2	.9774533331182116	.23476103434241635	.5617054195266877	.3114402866892528
42.3	.9718472170173473	.2358308282373423	.5651508135631172	.31289485758197666
42.4	.9662360913985649	.23690077337377125	.5686004354687361	.31435026901766727
42.5	.9606202681215429	.2379708190530059	.5720540758072041	.31580645203013696
42.6	.9550000621550884	.2390409141661722	.5755115229115899	.3172633370287168
42.7	.9493757915771384	.2401110071942192	.57897256288437	.3187208537982562
42.8	.94374777757476	.24118104620791908	.5824369795974293	.3201789314991233
42.9	.9381163444441484	.24225097886786737	.5859045546920619	.3216374986672049
43	.9324818195906299	.24332075242448245	.5893750675789692	.32309648321390616
43.1	.9268445335286598	.24439031371800604	.5928482954382613	.32455581242615084
43.2	.9212048198818231	.24545960917850293	.5963240132194568	.3260154129663812
43.3	.9155630153828348	.24652858482586099	.5998019936414822	.327475210872558
43.4	.9099194598735383	.24759718626979146	.6032820071926731	.3289351315581609
43.5	.9042744963049076	.24866535870982853	.6067638221307727	.33039509981218773
43.6	.8986284707370464	.24973304693532958	.6102472044829329	.331855039799155
43.7	.8929817323391874	.2508001953254751	.6137319180457138	.33331487505909774
43.8	.8873346333896939	.25186674784926877	.6172177243850837	.33477452850756945
43.9	.881687529276057	.2529326480655375	.6207043828364199	.3362339224356425
44	.876040778494899	.2539978391229312	.6241916505045075	.3376929785099075
44.1	.8703947426519715	.2550622637599231	.6276792822635398	.33915161777247366
44.2	.8647497864621553	.2561258643048092	.6311670307571187	.3406097606409688
44.3	.8591062777494614	.2571885826757091	.6346546463982542	.3420673269085392
44.4	.8534645874470292	.2582503603805653	.6381418773693653	.3435242357438499
44.5	.8478246164709631	.2593112209935575	.6416288157274145	.34498046508390623
44.6	.8421846419387389	.26037147128489646	.6451167414276879	.3464361964714138
44.7	.8365472799194408	.261430661780834	.6486037604038054	.3478910665344287
44.8	.8309128972450445	.2624887352314913	.6520896240136005	.3493449940197103
44.9	.8252818635294519	.26354563403385145	.6555740816236733	.3507978970906119
45	.8196545511684935	.264601300231759	.6590568806093893	.3522496933270792
45.1	.8140313353399269	.26565567551592045	.6625377663548802	.35370029972565153
45.2	.8084125940034368	.26670870122390405	.6660164822530436	.355149632699461
45.3	.8027987079006361	.2677603183401397	.669492769705543	.3565976080782329
45.4	.7971900605550635	.26881046749591936	.6729663681228084	.3580441411082861
45.5	.7915870382721865	.2698590889693965	.6764370149240353	.3594891464525321
45.6	.7859900301393995	.27090612268558645	.6799044455371853	.3609325381904757
45.7	.7803994280260244	.2719515082163662	.683368393398986	.362374229818215
45.8	.7748156265833107	.27299518478047463	.6868285899549308	.36381413424844083
45.9	.7692390232444343	.2740370912435125	.6902847646592797	.36525216381043774
46	.7636700182244995	.27507716611794203	.693736644975058	.36668823025008296
46.1	.7581090145205377	.27611534756308753	.6971839563740576	.368122244729847
46.2	.7525564179115077	.2771515733851348	.7006264223368357	.3695541178287935
46.3	.747012636958296	.2781857810371315	.7040637643527158	.3709837595425791
46.4	.7414780830037154	.2792179076189873	.7074957019197877	.37241107928345407
46.5	.735953170172507	.2802478898774733	.7109219525449071	.3738359858802613
46.6	.7304383153713394	.2812756642062225	.7143422317436952	.375258387578437
46.7	.7249339382888081	.2823011666457298	.7177562530405396	.3766781920400104
46.8	.7194404613954367	.28332433288335146	.7211637279685935	.37809530634360405
46.9	.7139583099436747	.2843450982533061	.724564366069777	.3795096369844337
47	.7084879119679005	.28536339773667374	.7279578748947754	.380921089874308
47.1	.7030296982844193	.2863791659613961	.7313439600030399	.3823295703416288
47.2	.6975841024914637	.28739233720227697	.7347223249627883	.3837349831313912
47.3	.6921515609691942	.2884028453809815	.7380926713510035	.38513723240518327
47.4	.6867325128796973	.2894106240660371	.7414546987534357	.38653622174118646
47.5	.6813274001669881	.2904156064728326	.7448081047646	.3879318541341752
47.6	.6759366675570091	.2914177254636187	.7481525849877778	.38932403199551696
47.7	.6705607625576295	.2924169135475079	.7514878330350164	.39071265715317255
47.8	.6651912405345487	.29341439777557304	.754819865994985	.3920993302665505
47.9	.6598296659637359	.2944099481559127	.7581475831418025	.39348373965806815
48	.6544824755598101	.29540262546327933	.7614664189303835	.3948646427353472
48.1	.6491500406296883	.29639237350726466	.7647761211100715	.3962419556772508
48.2	.6438327335484769	.2973791359938028	.7680764366576713	.39761559440665223
48.3	.6385309277594713	.2983628565251703	.7713671117774478	.3989854745904355
48.4	.6332449977741547	.2993434785999863	.7746478919011276	.40035151163949523
48.5	.6279753191722004	.3003209456132121	.7779185216878972	.40171362070873623
48.6	.6227222686014705	.30129520085615163	.7811787450244045	.4030717166970741
48.7	.6174862237780157	.30226618751645123	.7844283050247576	.4044257142474348
48.8	.6122675634860758	.30323384867809944	.7876669440305256	.40577552774675457
48.9	.607066667578079	.3041981273214276	.7908944036107388	.40712107132598074
49	.6018839169746432	.30515896632310924	.7941104245618879	.4084622588600707
49.1	.5967196936645747	.30611630845616034	.797314746907924	.40979900396799235
49.2	.591574380704869	.3070700963899394	.8005071099002596	.41113122001272423
49.3	.5864483622207108	.30802027269014715	.8036872520177676	.4124588201012553
49.4	.5813420234054726	.3089667798188271	.806854910966782	.4137817170845851
49.5	.5762557505207169	.3099095601343649	.8100098236810973	.41509982355772373
49.6	.5711899308961946	.31084855589148863	.8131517263219687	.4164130518596915
49.7	.566144952929846	.31178370924126897	.8162803542781126	.4177213140735196
49.8	.5611212060878001	.3127149622311189	.8193954421657054	.41902452202624935
49.9	.5561190809043743	.3136422568047939	.8224967238283851	.4203225872889329
50	.5511389689820755	.31456553480239186	.8255839323372502	.42161542117663275
50.1	.5461812629915994	.3154847379603531	.8286567999908598	.42290293474842194
50.2	.5412463566718307	.3163998079114603	.8317150583152338	.42418503880738395
50.3	.5363346448298433	.3173106861848386	.8347584380638529	.4254616439006127
50.4	.5314465233408987	.3182173142059558	.8377866692176588	.42673266031921286
50.5	.5265823891484489	.3191196332966217	.8407994809850536	.42799799809829947
50.6	.521742640264134	.3200175846749889	.8437966018019006	.429257567016998
50.7	.5169276757677832	.3209111094555523	.8467777593315234	.43051127659844457
50.8	.512137895807415	.3218001486491491	.8497426804647065	.4317590361097855
50.9	.5073737015992358	.3226846431629592	.8526910913196957	.43300075456217807
51	.502635495427642	.32356453380050465	.8556227172421967	.43423634071078976
51.1	.49789975221433946	.3244427507789242	.8585548572190882	.43547018905467044
51.2	.4931880319958053	.32531659160098897	.8614716971519781	.4366982416726658
51.3	.48850069414933506	.32618600252024565	.8643729939360115	.4379204151967929
51.4	.48383801025791984	.3270509407886888	.8672585689595118	.43913664266263974
51.5	.4792002503454179	.32791136388290176	.8701282447679192	.4403468573423636
51.6	.47458768287655373	.32876722950405707	.8729818450637915	.4415509927446917
51.7	.47000057475691825	.32961849557791617	.8758191947068038	.44274898261492074
51.8	.46543919133296885	.33046512025482955	.8786401197137482	.4439407609349172
51.9	.4609037963920285	.3313070619097369	.8814444472585349	.4451262619231175
52	.4563946521622875	.3321442791421668	.8842320056721905	.44630542003452744
52.1	.4519120193128021	.33297673077623685	.8870026244428597	.44747816996072265
52.2	.44745615695349517	.33380437586065365	.8897561342158039	.44864444662984837
52.3	.44302732263515604	.3346271736687129	.8924923667934019	.4498041852066195
52.4	.4386257723494396	.3354450836982995	.8952111551351505	.450957321092321
52.5	.43425176052886805	.33625806567188704	.8979123333576629	.4521037899248071
52.6	.42990554004682957	.33706607953653833	.9005957367346702	.45324352757850184
52.7	.42558736221757887	.3378690854639052	.9032612016970205	.4543764701643991
52.8	.4212974767962372	.33866704385022844	.9059085658326793	.4555025540300621
52.9	.4170361319787914	.33945991531633807	.9085376678867298	.4566217157596243
53	.41280357440209553	.34024766070765294	.911148347761372	.4577338921737884
53.1	.4086000491438697	.34103024109418095	.9137404465159233	.45883902032982704
53.2	.4044257997227006	.34180761777051916	.9163138063668187	.4599370375215823
53.3	.4002810680980413	.3425797522558534	.91886827068761	.46102788127946626
53.4	.3961660946702106	.3433466062939589	.9214036840089671	.4621114893704605
53.5	.3920811182803944	.3441081418531997	.9239198920186765	.46318779979811636
53.6	.38802637621064484	.34486432112652887	.9264167415616424	.4642567508025549
53.7	.3840021041838803	.34561510653148847	.9288940806398862	.4653182808604667
53.8	.380008536363886	.3463604607102097	.9313517584125465	.4663723286851123
53.9	.37604590535531246	.34710034652941285	.9337896251958794	.4674188332263218
54	.3721144422036777	.347834727080407	.9362075324632584	.468457733670495
54.1	.3682143763953656	.3485635656790906	.9386053328451739	.46948896944060126
54.2	.3643459358576265	.3492868258659508	.9409828801292341	.4705124801961799
54.3	.3604993050532447	.35000603783515005	.9433467022812114	.47153060910693734
54.4	.35666843680388893	.35072214393882906	.9457008232477916	.4725447973455457
54.5	.3528669915389971	.35143301233593727	.9480361710479907	.473551769435469
54.6	.34909505091593357	.3521386293090129	.9503526971524878	.47455149949593184
54.7	.34535269227574605	.35283898179527395	.9526503560212755	.4755439625425898
54.8	.3416399886431661	.35353405738661836	.9549291051036595	.47652913448752937
54.9	.3379570087266079	.35422384432962395	.9571889048382591	.4775069921392684
55	.3343038169181699	.35490833152554835	.9594297186530073	.4784775132027554
55.1	.3306804732936338	.35558750853032917	.9616515129651498	.47944067627937
55.2	.3270870336124649	.3562613655545837	.9638542571812462	.4803964608669229
55.3	.3235235493178119	.35692989346360926	.9660379236971691	.48134484735965566
55.4	.3199900675365065	.3575930837773831	.9682024878981051	.4822858170482411
55.5	.31648663107906455	.3582509286705621	.9703479281585536	.48321935211978284
55.6	.3130132784396851	.3589034209724832	.9724742258423279	.4841454356578156
55.7	.30957004379625086	.3595505541671632	.974581365302554	.48506405164230504
55.8	.30615695701032797	.3601923223932986	.9766693338816719	.48597518494964786
55.9	.3027740436271655	.36082872044426617	.9787381219114348	.4868788213526719
56	.29942132487569667	.36145974376812207	.9807877227129093	.4877749475206358
56.1	.29609881766853796	.3620853884676026	.9828181325964754	.4886635510192294
56.2	.29280653460198935	.36270565130012383	.9848293508618264	.48954462031057344
56.3	.28954448395603455	.3633205296777818	.986821379797969	.4904181447532196
56.4	.2863126696943399	.3639300216673524	.9887942246832236	.4912841146021508
56.5	.2831110914642561	.3645341259902913	.9907478937852237	.4921425210087808
56.6	.27993974459681703	.3651328420227341	.9926823983609161	.49299335602095434
56.7	.27679862010674	.3657261697954963	.9945977526565611	.4938366125829473
56.8	.27368770469242604	.3663141099940732	.9964939739077324	.49467228453546647
56.9	.2706069807359591	.3668966639586401	.9983710823393175	.4955003666156498
57	.2675564263031071	.36747383368405206	1.0002291011655164	.49632085445706603
57.1	.2645360151433214	.36804562181984396	1.0020680565898434	.49713374458971504
57.2	.26154571668973664	.3686120316702307	1.0038879778051257	.4979390344400278
57.3	.25858549605917136	.36917306719410686	1.0056888969935038	.498736722330866
57.4	.2556553140521267	.3697287330050472	1.007470849326432	.4995268074815227
57.5	.25275512715278825	.370279034371306	1.0092338729646777	.5003092900077218
57.6	.24988024437300235	.3708244502951554	1.010981219760044	.5010854500882559
57.7	.24703370795271806	.37136467207485924	1.0127107941094515	.5018544371429332
57.8	.24421635026012795	.3718996163817862	1.0144220285214023	.5026160091076646
57.9	.24142807876513836	.3724292943377362	1.0161149950680817	.5033701784305948
58	.23866879600128857	.3729537177823644	1.017789769239748	.5041169586271207
58.1	.2359383995657498	.37347289927318145	1.019446429944733	.5048563642798907
58.2	.23323678211932541	.373986852085553	1.021085059509442	.5055884110388059
58.3	.23056383138645115	.3744955902127003	1.0227057436783535	.5063131156210192
58.4	.2279194301551944	.37499912836569993	1.02430857161402	.5070304958109358
58.5	.2253034562772553	.37549748197348354	1.0258936358970667	.5077405704602128
58.6	.22271578266796593	.37599066718283836	1.0274610325261928	.5084433594877594
58.7	.22015627730629064	.37647870085840673	1.0290108609181705	.5091388838797369
58.8	.21762480323482608	.37696160058268646	1.0305432239078456	.509827165689559
58.9	.21512121855980054	.37743938465603066	1.0320582277481376	.510508228037891
59	.21264537645107506	.3779120720966477	1.033555982110039	.5111820951126506
59.1	.21019712514214267	.3783796826406012	1.0350366000826163	.5118487921690075
59.2	.20777630793012858	.3788422367418102	1.0365001981730089	.5125083455293835
59.3	.2053827631757904	.37929975557204915	1.0379468963064293	.5131607825834524
59.4	.20301632430351735	.37975226102094767	1.0393768178261646	.5138061317881405
59.5	.2006768198013313	.3801997756959907	1.0407900894935744	.5144444226676257
59.6	.19836407322088634	.38064232292251854	1.0421868414880922	.5150756858133381
59.7	.19607790317746848	.3810799267437268	1.0435672074072242	.5156999528839601
59.8	.19381812334999626	.38151261192066643	1.0449313242665512	.5163172566054259
59.9	.19158454248101983	.3819404039322437	1.0462793324997264	.5169276307709222
60	.18937696437672202	.3823633289752202	1.047611375958477	.5175311102408873
60.1	.18719518790691775	.38278141396421267	1.0489276019126035	.518127730943012
60.2	.18503900700505402	.3831946865316935	1.0502281610499797	.518717529872239
60.3	.18290821066821022	.38360317502798996	1.051513207476553	.5193005450907631
60.4	.1808025829570975	.38400690852128516	1.0527828987163441	.5198768157280311
60.5	.17872190299605956	.38440591679761715	1.054037395711447	.5204463819807423
60.6	.1766659449730722	.38480023036087935	1.05527686282203	.5210092851128475
60.7	.1746344781397434	.3851898804328206	1.0565014678263334	.5215655674555502
60.8	.17262774550187818	.38557522500088043	1.05771024154023	.5221157199300134
60.9	.17064666632089392	.38595708674685003	1.0589005953998312	.5226608713637771
61	.1686895898749729	.38633454195430317	1.0600760549485566	.5231997536166488
61.1	.1667562770873571	.38670763249287926	1.0612367744380684	.5237324239625701
61.2	.16484648417047	.3870764011037	1.0623829110007783	.5242589409535984
61.3	.16295996262591647	.3874408913993696	1.0635146246498477	.5247793644199064
61.4	.16109645924448254	.38780114786397457	1.0646320782791872	.525293755469783
61.5	.15925571610613587	.3881572158530839	1.0657354376634574	.5258021764896322
61.6	.1574374705800254	.3885091415937487	1.0668248714580677	.5263046911439742
61.7	.15564145532448154	.38885697218450294	1.0679005511991777	.5268013643754441
61.8	.15386739828701607	.38920075559536244	1.0689626513036958	.5272922624047933
61.9	.1521150227043219	.3895405406678259	1.0700113490692806	.5277774527308886
62	.1503840471022736	.389876377114874	1.07104682467434	.5282570041307123
62.1	.14867418529592705	.39020831552097	1.0720692611780311	.5287309866593626
62.2	.14698514638951954	.39053640734205963	1.0730788445202608	.5291994716500529
62.3	.14531663477646978	.3908607049055708	1.0740757635216853	.5296625317141127
62.4	.14366835013937757	.391181261410414	1.0750602098837103	.530120240740987
62.5	.14203998745002439	.3914981309269819	1.0760323781884915	.5305726738982361
62.6	.1404312369693731	.3918113683971497	1.0769924658989334	.5310199076315367
62.7	.13884178424756777	.392121029634275	1.0779406733586905	.5314620196646803
62.8	.13727131012393415	.3924271713231977	1.0788772037921666	.5318990889995744
62.9	.13571949072697886	.39272985102024016	1.0798022633045148	.5323311959162423
63	.13418599747439036	.3930291271532071	1.0807160608816382	.5327584219728226
63.1	.13267049707303832	.39332505902138554	1.081618808390189	.5331808500055698
63.2	.13117265151897384	.3936177067955451	1.082510720577569	.5335985641288539
63.3	.12969211809742948	.39390713151793744	1.0833920150719296	.5340116497351605
63.4	.12822854938281883	.39419339510229706	1.0842629123821719	.534420193495091
63.5	.12678159323873725	.3944765603338405	1.0851236358979457	.5348242833573622
63.6	.1253508928179613	.3947566908692667	1.0859744118896515	.5352240085488067
63.7	.123936086562449	.3950338512367572	1.0868154695084382	.5356194595743728
63.8	.12253680820333981	.3953081068359757	1.0876470407862047	.5360107282171244
63.9	.12115268676095425	.39557952393806856	1.0884693606355995	.5363979075382407
64	.11978334654479458	.39584816968566416	1.0892826668500204	.5367810918770171
64.1	.11844719258714198	.39611052878217984	1.0900756880449063	.5371554567652946
64.2	.11713751552829339	.3963678764598084	1.0908525433902105	.5375227554798078
64.3	.1158448268197147	.396622018052316	1.0916190551877156	.5378854692378584
64.4	.11456889446781124	.39687299318381497	1.0923753731462114	.5382436549203695
64.5	.11330948495308314	.39712084174237966	1.0931216479034638	.5385973698522207
64.6	.11206636323012403	.39736560388004666	1.0938580310262158	.538946671802248
64.7	.11083929272762162	.3976073200128146	1.0945846750101869	.5392916189832437
64.8	.10962803534835819	.39784603082064424	1.0953017332800723	.5396322700519567
64.9	.10843235146920938	.3980817772474586	1.0960093601895449	.5399686841090919
65	.1072519999411456	.3983146005011424	1.0967077110212529	.5403009206993111
65.1	.1060867380892308	.39854454205354306	1.0973969419868221	.5406290398112321
65.2	.10493632171262296	.39877164364046974	1.0980772102268541	.5409531018774294
65.3	.10380050508457467	.39899594726169374	1.0987486738109276	.5412731677744337
65.4	.10267904095243185	.39921749518094857	1.0994114917375972	.5415892988227321
65.5	.10157168053763523	.3994363299259298	1.1000658239343946	.5419015567867683
65.6	.100478173535719	.3996524942882952	1.1007118312578275	.5422100038749421
65.7	.09939826811631151	.3998660313236646	1.1013496754933805	.5425147027396101
65.8	.09833171092313557	.40007698435161987	1.1019795193555144	.5428157164770848
65.9	.09727824707400748	.40028539695570525	1.1026015264876672	.5431131086276356
66	.09623762016083817	.4004913129834267	1.1032158614622525	.543406943175488
66.1	.09520957224963218	.40069477654625274	1.1038226897806611	.5436972845488238
66.2	.09419384388048815	.40089583201961365	1.1044221778732604	.5439841976197817
66.3	.09319017406759918	.401094524042902	1.1050144930993933	.5442677477044562
66.4	.09219830029925184	.40129089751947256	1.1055998037473804	.5445480005628985
66.5	.0912179585378274	.40148499761664197	1.1061782790345183	.5448250223991162
66.6	.09024888321980065	.40167686976568917	1.10675008910708	.5450988798610734
66.7	.08929080725574057	.40186655966185525	1.1073154050403158	.5453696400406903
66.8	.0883434620303105	.4020541132643432	1.1078743988384514	.5456373704738439
66.9	.08740657740226736	.4022395767963184	1.1084272434346896	.545902139140367
67	.08647988170446265	.4024229967449081	1.1089741126912098	.5461640144640495
67.1	.08556310174384153	.40260441986120193	1.109515181399168	.5464230653126373
67.2	.08465596280144322	.40278389316025137	1.1100506252786961	.5466793609978328
67.3	.08375946135955903	.4029612954923767	1.1105797216033957	.5469326980446829
67.4	.08288936863726817	.4031345505279102	1.1110913068965906	.5471797012361743
67.5	.08203015427964228	.40330572435068457	1.1115963368599437	.547423715331582
67.6	.0811816392443522	.40347485156232227	1.1120949190062477	.5476647895681253
67.7	.08034364498062262	.4036419667614236	1.1125871603516282	.5479029731938689
67.8	.07951599342923228	.4038071045435668	1.1130731674155456	.5481383154677236
67.9	.07869850702251326	.4039702995013078	1.1135530462207945	.5483708656594456
68	.07789100868435181	.40413158622418066	1.114026902293503	.5486006730496368
68.1	.07709332183018765	.40429099929869705	1.114494840663134	.5488277869297448
68.2	.07630527036701423	.4044485733083467	1.114956965862484	.5490522566020631
68.3	.07552667869337913	.4046043428335972	1.1154133819276835	.5492741313797307
68.4	.07475737169938321	.40475834245189385	1.1158641923981978	.5494934605867324
68.5	.07399717476668155	.40491060673765994	1.1163095003168253	.5497102935578988
68.6	.07324591376848266	.40506117026229665	1.1167494082296991	.5499246796389059
68.7	.07250341506954881	.405210067594183	1.1171840181862867	.5501366681862756
68.8	.07176950552619638	.4053573332986759	1.1176134317393884	.5503463085673755
68.9	.07104401248629505	.40550300193811006	1.1180377499451404	.5505536501604191
69	.07032676378926869	.4056471080717981	1.1184570733630115	.5507587423544651
69.1	.06961758776609463	.4057896862560306	1.118871502055805	.5509616345494183
69.2	.06891631323930396	.4059307710440759	1.119281135589659	.551162376156029
69.3	.06822276952298183	.4060703969861802	1.1196860730340448	.5513610165958935
69.4	.06753678642276675	.40620859862956765	1.1200864129617678	.5515576053014534
69.5	.06685819423585142	.40634541051844025	1.1204822534489682	.5517521917159963
69.6	.06618682375098195	.40648086719397786	1.1208736920751197	.5519448252936554
69.7	.06552250624845825	.4066150031943382	1.1212608259230301	.5521355554994095
69.8	.06486507350013428	.40674785305465677	1.1216437515788418	.5523244318090833
69.9	.06421435776941735	.4068794513070472	1.1220225651320306	.5525115037093471
70	.06357019181126895	.40700983248060074	1.122397362175407	.5526968206977169
70.1	.06293240887220403	.40713903110138666	1.1227682378051151	.5528804322825543
70.2	.062300842690291305	.40726708169245196	1.1231352866206334	.553062387983067
70.3	.06167532749515351	.4073940187738217	1.1234986027247746	.5532427373293078
70.4	.06105569800796681	.4075198768624986	1.123858279723685	.5534215298621756
70.5	.060441789441461474	.4076446904724634	1.124214410726845	.553598815133415
70.6	.059839501095886025	.40776708584398436	1.1245639488913755	.5537726215461902
70.7	.05925001533751284	.4078867848367974	1.1249062893472699	.553942549959168
70.8	.05866722317187752	.408005202840945	1.1252446021191143	.554110631812116
70.9	.05809103289206175	.408122357842055	1.1255789415100426	.5542768929959091
71	.05752135468079708	.40823826749802494	1.125909360602652	.5544413589462456
71.1	.05695810061046436	.4083529491390228	1.1262359112590032	.554604054643646
71.2	.05640118464309399	.4084664197674862	1.1265586441206206	.5547650046134542
71.3	.05585052263036612	.408578696058123	1.1268776086084908	.5549242329258366
71.4	.055306032313610164	.4086897943579109	1.1271928529230653	.5550817631957824
71.5	.05476763332380537	.40879973068609765	1.1275044240442575	.5552376185831037
71.6	.05423524718158028	.4089085207342011	1.1278123677314449	.5553918217924354
71.7	.05370879729721301	.4090161798660089	1.1281167285234686	.5555443950732354
71.8	.05318820897063142	.40912272311757897	1.128417549738632	.5556953602197839
71.9	.05267340939141262	.4092281651972391	1.128714873474703	.5558447385711847
72	.05216432763878355	.40933252048558694	1.1290087406089122	.5559925510113637
72.1	.05166089468162049	.40943580303549043	1.1292991907979535	.5561388179690699
72.2	.05116304337844923	.4095380265720873	1.1295862624779844	.5562835594178753
72.3	.05067070847744534	.4096392044927854	1.1298699928646256	.5564267948761745
72.4	.050183826616433655	.4097393498672625	1.1301504179529613	.5565685434071851
72.5	.0497023363228888	.40983847543746643	1.1304275725175388	.556708823618947
72.6	.049226178013934745	.40993659361761503	1.1307014901123689	.5568476536643238
72.7	.04875529399634502	.4100337164941961	1.1309722030709255	.5569850512410012
72.8	.048289628466542875	.4101298558259675	1.1312397425061465	.5571210335914878
72.9	.04782912751060085	.410225023043957	1.131504138310432	.5572556175031156
73	.04737373910424129	.4103192292514625	1.1317654191556468	.5573888193080386
73.1	.046923413112835856	.4104124852240518	1.132023612493118	.5575206548832342
73.2	.04647810129140579	.41050480140956286	1.1322787445536362	.5576511396505025
73.3	.04603775728462204	.4105961879281034	1.1325308403474559	.5577802885764662
73.4	.04560233662680486	.41068665457205134	1.1327799236642944	.5579081161725712
73.5	.04517179674192428	.4107762108060545	1.1330260170733326	.5580346364950858
73.6	.044746096943599684	.4108648657670308	1.1332691419232144	.5581598631451014
73.7	.044325198435100015	.41095262826416806	1.1335093183420477	.5582838092685322
73.8	.043909064309343916	.4110395067789242	1.1337465652374028	.558406487556115
73.9	.04349520324931522	.4111257574182084	1.1339828967663779	.5585281927452022
74	.04308548513801395	.4112111959070303	1.1342167826362384	.5586487177487545
74.1	.042680112640354706	.41129580613212235	1.1344480479775234	.5587680469905235
74.2	.04227904107535677	.411379596811774	1.134676719277847	.5588861931039453
74.3	.04188222735269511	.4114625763667268	1.1349028220473076	.5590031683016663
74.4	.04148962997270002	.4115447529201747	1.1351263808184884	.5591189843755437
74.5	.04110120902635753	.4116261342977637	1.1353474191464568	.559233652696645
74.6	.04071692619530905	.41170672802759206	1.1355659596087642	.5593471842152482
74.7	.04033674475185153	.41178654134021025	1.1357820238054472	.5594595894608414
74.8	.03996062955893763	.41186558116862093	1.1359956323590263	.5595708785421237
74.9	.0395885470701753	.41194385414827894	1.1362068049145069	.5596810611470044
75	.03922046532982826	.41202136661709127	1.1364155601393782	.5597901465426033
75.1	.03885635397281559	.4120981246154173	1.136621915723614	.5598981435752506
75.2	.03849618422471192	.4121741338860684	1.136825888379673	.5600050606704869
75.3	.03813992890174757	.4122493998743082	1.1370274938424976	.5601109058330636
75.4	.037787562410808176	.4123239277278526	1.1372267468695152	.5602156866469421
75.5	.03743906074943513	.41239772229686966	1.1374236612406374	.5603194102752945
75.6	.03709440150582519	.4124707881339796	1.13761824975826	.5604220834605035
75.7	.03675356385883067	.4125431294942549	1.1378105242472638	.5605237125241619
75.8	.036416528577959545	.4126147503352202	1.1380004955550134	.5606243033670734
75.9	.036083278023375145	.41268565431685245	1.1381881735513582	.5607238614692516
76	.035753796145896515	.4127558448015805	1.138373567128632	.5608223918899211
76.1	.035428068486998116	.4128253248542858	1.1385566842016526	.5609198992675166
76.2	.03510608217880991	.41289409724230175	1.1387375317077228	.5610163878196837
76.3	.03478782594411756	.41296216443541395	1.1389161156066294	.5611118613432777
76.4	.03447329009636208	.4130295286058603	1.139092440880644	.5612063232143651
76.5	.03416246653964018	.4130961916283309	1.1392665115345224	.5612997763882225
76.6	.033855348768704	.4131621550799679	1.1394383305955045	.5613922233993371
76.7	.033551931868961174	.4132274202403659	1.1396079001133155	.5614836663614063
76.8	.03325221251647504	.4132919880915714	1.1397752211601637	.5615741069673384
76.9	.03295618897796428	.41335585931808344	1.1399402938307435	.5616635464892518
77	.0326638611108033	.41341903430685295	1.140103117242232	.5617519857784754
77.1	.0323732935988809	.41348185635917734	1.1402649236065294	.5618399045722278
77.2	.03208182679396656	.4135447971188019	1.1404274067033158	.5619279618369153
77.3	.0317933474591162	.4136071681312863	1.1405880890895161	.5620151964184844
77.4	.03150782680373288	.41366897479758025	1.1407469882803838	.5621016161494602
77.5	.03122523693727076	.4137302223434666	1.1409041212536977	.5621872286124882
77.6	.03094555086923484	.413790915819562	1.1410595044497625	.5622720411403335
77.7	.03066874250918107	.4138510601013164	1.1412131537714079	.5623560608158814
77.8	.030394786666716477	.4139106598890132	1.1413650845839896	.5624392944721373
77.9	.030123659051498882	.41396971970776963	1.1415153117153893	.5625217486922259
78	.029855336273237207	.41402824390753595	1.1416638494560134	.5626034298093928
78.1	.02958979584169122	.4140862366630963	1.1418107115587945	.5626843439070028
78.2	.02932701616667164	.41414370197406813	1.1419559112391904	.5627644968185411
78.3	.02906697655804025	.41420064366490245	1.142099461175185	.5628438941276125
78.4	.028809657225709644	.4142570653848837	1.1422413735072872	.562922541167942
78.5	.028555039279643504	.41431297060812994	1.1423816598385317	.5630004430233746
78.6	.028303104729856365	.41436836263359256	1.142520331234479	.5630776045278751
78.7	.028053836486413717	.4144232445850565	1.1426573982232149	.5631540302655283
78.8	.0278072183594321	.4144776194111404	1.1427928707953507	.563229724570539
78.9	.027563235059078876	.41453148988529614	1.142926758404024	.563304691527232
79	.027321872195572493	.4145848586058092	1.1430590699648968	.5633789349700519
79.1	.027083116279182248	.41463772799579846	1.1431898138561576	.5634524584835633
79.2	.026846954720228394	.41469010030321646	1.1433189979185203	.563525265402451
79.3	.026613375829082242	.4147419776008492	1.1434466294552244	.5635973588115194
79.4	.026382368816165916	.41479336178631604	1.1435727152320345	.5636687415456931
79.5	.026153923791952628	.41484425458206997	1.1436972614772414	.5637394161900167
79.6	.025928031766966442	.41489465753539745	1.1438202738816612	.5638093850796544
79.7	.025704684651782383	.41494457201841844	1.1439417575986357	.5638786502998907
79.8	.025483875257026514	.41499399922808633	1.144061717244032	.5639472136861301
79.9	.02526559729337573	.41504294018618815	1.144180156896243	.5640150768238968
80	.025049845371558008	.4150913957393442	1.1442970800961874	.5640822410488351
80.1	.024836615002352177	.41513936655900857	1.144412489847309	.5641487074467091
80.2	.024625902596588027	.4151868531414686	1.1445263886155774	.5642144768534032
80.3	.024417705465146388	.41523385580784516	1.1446387783294882	.5642795498549215
80.4	.02421009625445154	.4152805999097823	1.1447510819525908	.5643442985024446
80.5	.024004045098624003	.41532697185140494	1.1448625834682296	.5644085354338506
80.6	.023800197968226754	.4153728958797042	1.1449728063046245	.564472135788106
80.7	.023598540889762397	.4154183733559713	1.1450817612291053	.5645351020250459
80.8	.023399060498563037	.41546340550039096	1.1451894586865254	.5645974364108436
80.9	.023201744038790106	.41550799339204125	1.1452959087992618	.5646591410180103
81	.023006579363434563	.41555213796889395	1.1454011213672148	.5647202177253952
81.1	.02281355493431672	.4155958400278143	1.1455051058678087	.5647806682181854
81.2	.02262265982208632	.41563910022456096	1.1456078714559914	.5648404939879063
81.3	.0224338837062226	.4156819190737862	1.1457094269642338	.5648996963324207
81.4	.022247216875034125	.41572429694903573	1.1458097809025312	.5649582763559299
81.5	.022062650225658998	.4157662340827488	1.1459089414584016	.565016234968973
81.6	.021880175264064664	.4158077305662582	1.1460069164968874	.565073572888427
81.7	.021699784105047998	.41584878634979006	1.1461037135605543	.565130290637507
81.8	.021521469472235374	.4158894012424642	1.146199339869491	.5651863885457659
81.9	.0213452246980825	.4159295749122939	1.146293802321311	.5652418667490948
82	.021171043723874607	.4159693068861859	1.14638710749115	.5652967251897227
82.1	.02099892109972628	.4160085965499405	1.1464792616316684	.5653509636162166
82.2	.020828851984581523	.41604744314825143	1.1465702706730496	.5654045815834815
82.3	.020660832146213857	.416085845784706	1.1466601402230006	.56545757845276
82.4	.02049485796122612	.416123803421785	1.1467488755667525	.5655099533916333
82.5	.02033092641505068	.4161613148808627	1.146836481667059	.5655617053740203
82.6	.02016903510194925	.416198378842207	1.1469229631641988	.5656128331801776
82.7	.020009182225012988	.41623499384497914	1.1470083243759728	.5656633353967003
82.8	.019851366596162535	.4162711582872339	1.1470925692977059	.5657132104165211
82.9	.01969558763614787	.41630687042591963	1.147175701602247	.5657624564389108
83	.019541845374548495	.4163421283768781	1.1472577246399684	.5658110714694782
83.1	.019390140449773264	.41637693011484483	1.1473386414387658	.56585905332017
83.2	.019240474109060466	.4164112734734484	1.1474184547040587	.565906399609271
83.3	.01909284820847788	.4164451561452114	1.1474971668187899	.565953107761404
83.4	.018947265212922622	.4164785756815495	1.147574779843426	.5659991750075294
83.5	.018803728196121326	.41651152949277215	1.147651295515957	.5660445983849461
83.6	.018661566897935775	.4165442069423978	1.1477270078893753	.5660896270184875
83.7	.01851731650337977	.4165775939601231	1.1478034244022137	.5661355561704792
83.8	.01837459099260431	.41661065883458337	1.1478789787006147	.5661810312876999
83.9	.01823336968589546	.4166434058762605	1.147953682604271	.5662260584362029
84	.018093631994047857	.41667583940226705	1.1480275478354627	.5662706436824048
84.1	.017955357418364584	.41670796373634666	1.148100586019057	.5663147930930871
84.2	.017818525550657223	.41673978320887367	1.1481728086825083	.5663585127353955
84.3	.017683116073245915	.41677130215685326	1.1482442272558593	.5664018086768399
84.4	.01754910875895923	.41680252492392156	1.1483148530717393	.5664446869852946
84.5	.017416483471134298	.4168334558603454	1.1483846973653657	.566487153728998
84.6	.017285220163616707	.4168640993230227	1.1484537712745426	.5665292149765532
84.7	.017155298880760544	.41689445967548194	1.148522085839662	.5665708767969272
84.8	.017026699757428446	.4169245412878827	1.1485896520037033	.5666121452594515
84.9	.016899403018991475	.4169543485370152	1.1486564806122332	.5666530264338219
85	.016773388981329275	.41698388580630064	1.148722582413406	.5666935263900985
85.1	.01664863805082993	.4170131574857911	1.148787968057963	.5667336511987056
85.2	.016525130724390026	.41704216797216936	1.1488526480992332	.5667734069304319
85.3	.0164028475894147	.41707092166874926	1.148916632993133	.5668127996564305
85.4	.01628176932381752	.41709942298547525	1.1489799330981665	.5668518354482185
85.5	.01616187669602062	.4171276763389229	1.1490425586754247	.5668905203776776
85.6	.016043150564954596	.4171556861522983	1.1491045198885865	.5669288605170537
85.7	.015925571880058526	.41718345685543873	1.1491658268039178	.5669668619389571
85.8	.01580912168128005	.4172109928848121	1.1492264893902722	.567004530716362
85.9	.015693781099075238	.41723829868351725	1.1492865175190907	.5670418729226075
86	.015579531354408723	.4172653787012838	1.1493459209644015	.5670788946313967
86.1	.0154663537587536	.41729223739447235	1.1494047094028206	.5671156019167969
86.2	.015354229714091451	.4173188792260742	1.149462892413551	.5671520008532397
86.3	.015243140712912414	.4173453086657117	1.1495204794783835	.5671880975155214
86.4	.015133068338215061	.41737153018963774	1.149577479981696	.5672238979788021
86.5	.015023994263506526	.4173975482807364	1.1496339032104541	.5672594083186066
86.6	.014915900252802402	.4174233674285224	1.1496897583542105	.5672946346108236
86.7	.014808768160626772	.4174489921291413	1.1497450545051058	.5673295829317067
86.8	.014702579932012277	.41747442688536973	1.1497998006578676	.567364259357873
86.9	.01459772842266837	.4174995192267167	1.1498538971512289	.5673984762573896
87	.01449416636717404	.4175242849000957	1.149907360551742	.5674322535661964
87.1	.014391580263795108	.4175488414261027	1.14996027770499	.5674657367983655
87.2	.014289956573733581	.41757319174668683	1.1500126561183264	.567498930073224
87.3	.01418928193024729	.4175973387792676	1.1500645031801433	.5675318374720123
87.4	.014089543138649798	.41762128541673504	1.150115826159872	.567564463037884
87.5	.013990727176310502	.41764503452744983	1.1501666322079822	.5675968107759062
87.6	.013892821192654545	.41766858895524306	1.1502169283559822	.5676288846530592
87.7	.013795812509162854	.41769195151941646	1.150266721516419	.5676606885982367
87.8	.01369968861937218	.4177151250147423	1.1503160184828787	.5676922265022457
87.9	.013604437188875006	.41773811221146323	1.1503648259299855	.5677235022178065
88	.013510046055319653	.4177609158552927	1.1504131504134025	.567754519559553
88.1	.013416503228410181	.41778353866741447	1.1504609983698317	.567785282304032
88.2	.01332379688990644	.41780598334448293	1.1505083761170134	.5678157941897038
88.3	.013231915393624102	.41782825255862305	1.150555289853727	.5678460589169422
88.4	.013140847265434573	.4178503489574303	1.15060174565979	.567876080148034
88.5	.013050581203265087	.41787227516397063	1.150647749496059	.5679058615071797
88.6	.012961106077098631	.41789403377678064	1.1506933072044294	.5679354065804929
88.7	.012872410928973977	.4179156273698673	1.150738424507835	.5679647189160005
88.8	.012784484972985713	.4179370584927084	1.1507831070102483	.5679938020236428
88.9	.012697317595284167	.417958329670252	1.1508273601966805	.5680226593752735
89	.012610898354075495	.4179794434029168	1.1508711894331818	.5680512944046596
89.1	.012525216979621608	.41800040216659207	1.1509145999668404	.5680797105074812
89.2	.012440263374240191	.41802120841263757	1.150957596925784	.5681079110413321
89.3	.01235602761230476	.41804186456788356	1.1510001853191782	.5681358993257192
89.4	.012272499940244559	.418062373034631	1.1510423700372279	.5681636786420626
89.5	.012189670776544669	.41808273619065117	1.1510841558511764	.5681912522336962
89.6	.012107530711745916	.4181029563891861	1.1511255474133055	.5682186233058667
89.7	.012026070508444911	.41812303595894823	1.151166549256936	.5682457950257345
89.8	.011945281101294088	.4181429772041205	1.1512071657964273	.5682727705223731
89.9	.011865153597001615	.4181627824043566	1.1512474013271774	.5682995528867695
90	.011785679274331488	.4181824538147805	1.1512872600256232	.5683261451718238
90.1	.01170684958410346	.41820199366598687	1.1513267459492398	.5683525503923497
90.2	.011628866095383817	.4182212780206469	1.1513658921321475	.5683786209938793
90.3	.011551538754693542	.4182404183215103	1.1514046771922524	.5684044903001689
90.4	.011474856585405053	.4182594184942153	1.151443104422202	.568430163322341
90.5	.011398812931535482	.4182782799472457	1.151481177570619	.5684556420588969
90.6	.011323401332620543	.41829700405045883	1.151518900270417	.5684809284534289
90.7	.011248615523714573	.41831559213508496	1.1515562760387985	.5685060243946196
90.8	.011174449435390556	.41833404549372766	1.1515933082772576	.5685309317162424
90.9	.011100897193740055	.41835236538036374	1.1516300002715778	.5685556521971608
91	.011027953120373295	.4183705530103432	1.1516663551918338	.5685801875613289
91.1	.010955611732419082	.41838860956038915	1.1517023760923897	.5686045394777914
91.2	.01088386774252485	.41840653616859796	1.1517380659119003	.5686287095606837
91.3	.010812716058856678	.41842433393443934	1.1517734274733111	.5686526993692311
91.4	.010742151785099224	.4184420039187559	1.151808463483857	.5686765104077501
91.5	.010672170220455803	.4184595471437638	1.1518431765350643	.5687001441256473
91.6	.010602766859648323	.4184769645930522	1.1518775691027483	.5687236019174198
91.7	.010533937392917306	.4184942572115835	1.1519116435470158	.5687468851226553
91.8	.010465677706021928	.4185114259056933	1.1519454021122635	.568769995026032
91.9	.01039798388023994	.4185284715430904	1.151978846927178	.5687929328573186
92	.010330852192367755	.4185453949528569	1.1520119800047364	.5688156997913743
92.1	.010264279114720372	.41856219692544794	1.1520448032422064	.5688382969481486
92.2	.01019826131513141	.418578878212692	1.1520773184211461	.568860725392682
92.3	.01013279565695314	.4185954395277907	1.1521095272074031	.5688829861351049
92.4	.010067879199056405	.4186118815453189	1.1521414311511162	.5689050801306387
92.5	.010003509195830715	.4186282049012246	1.1521730316867138	.5689270082795949
92.6	.009939683097184161	.4186444101928291	1.1522043301329152	.5689487714273759
92.7	.00987639854854346	.4186604979788269	1.1522353276927295	.5689703703644742
92.8	.009813653390853974	.4186764687792855	1.1522660254534567	.5689918058264731
92.9	.009751445660579644	.41869232307564586	1.1522964243866862	.5690130784940463
93	.009689773589703072	.4187080613107221	1.1523265253482984	.569034188992958
93.1	.009628635605725444	.4187236838887014	1.152356329078464	.5690551378940627
93.2	.009568030331666573	.41873919117514435	1.1523858362016435	.5690759257133059
93.3	.009507956586064912	.4187545834969845	1.1524150472265884	.5690965529117231
93.4	.00944820810999935	.4187698954014374	1.1524440959701647	.5691170700157662
93.5	.009388633792191754	.4187851522258904	1.1524730804156154	.5691375140796323
93.6	.009329527354248728	.4188003050616219	1.1525018094240065	.5691578135380542
93.7	.009270885412502062	.4188153545791181	1.1525302849809802	.5691779693610843
93.8	.009212704720024107	.4188303014200483	1.1525585089946744	.5691979824782173
93.9	.00915498216662772	.41884514619726454	1.1525864832957216	.5692178537783896
94	.009097714778866322	.418859889494802	1.1526142096372494	.5692375841099798
94.1	.009040899720033857	.41887453186787876	1.1526416896948806	.5692571742808085
94.2	.008984534290164799	.41888907384289564	1.1526689250667326	.569276625058138
94.3	.008928615926034182	.41890351591743663	1.1526959172734181	.5692959371686731
94.4	.008873142201157553	.4189178585602686	1.1527226677580449	.5693151112985602
94.5	.008818110825791021	.4189321022113412	1.1527491778862158	.5693341480933879
94.6	.008763519646931213	.41894624728178725	1.1527754489460282	.5693530481581869
94.7	.008709366648315288	.41896029415392233	1.1528014821480754	.5693718120574297
94.8	.008655649950420974	.4189742431812451	1.1528272786254448	.5693904403150308
94.9	.008602367810466497	.418988094688437	1.152852839433719	.569408933414347
95	.008549518622410657	.4190018489713625	1.1528781655509763	.5694272917981767
95.1	.008497100916952764	.4190155062970691	1.1529032578777891	.5694455158687608
95.2	.00844511336153267	.419029066903787	1.1529281172372257	.5694636059877817
95.3	.008393554760330784	.41904253100092953	1.1529527443748486	.5694815624763641
95.4	.00834242405426802	.4190558987690929	1.1529771399587159	.5694993856150745
95.5	.008291720321005863	.4190691703600562	1.1530013045793803	.5695170756439218
95.6	.008241442774946312	.41908234589678156	1.1530252387498898	.5695346327623567
95.7	.008191590767231905	.419095425473414	1.1530489429057877	.5695520571292716
95.8	.008142163785745737	.4191084091552814	1.1530724174051115	.5695693488630014
95.9	.008093161455111408	.4191212969788948	1.1530956625283946	.5695865080413225
96	.008044583536693094	.4191340889519478	1.1531186784786644	.569603534701454
96.1	.007996429928595476	.41914678505331737	1.1531414653814447	.5696204288400563
96.2	.007948700665663779	.4191593852330632	1.153164023284753	.5696371904132321
96.3	.007901395919483785	.4191718894124277	1.1531863521591028	.5696538193365264
96.4	.007854515998381783	.41918429748383673	1.1532084518975019	.5696703154849256
96.5	.0078080613474246306	.4191966093108986	1.1532303223154532	.5696866786928587
96.6	.007762032548419701	.41920882472840487	1.1532519631509552	.5697029087541963
96.7	.007715905834317392	.4192210559838909	1.1532736687612817	.5697191618852553
96.8	.0076700178850328555	.4192332308589332	1.153295250037039	.5697353376165736
96.9	.007624482275409102	.4192453249658663	1.1533166432259343	.569751402034973
97	.007579296472442723	.4192573388092406	1.153337849813414	.5697673558644619
97.1	.007534458008334069	.4192692728801258	1.153358871247615	.5697831998098309
97.2	.007489964480487273	.4192811276561109	1.1533797089393645	.5697989345566536
97.3	.007445813551510266	.4192929036013044	1.1534003642621788	.569814560771286
97.4	.007402002949214735	.41930460116633367	1.1534208385522646	.5698300791008668
97.5	.007358530466616171	.4193162207883458	1.1534411331085186	.5698454901733173
97.6	.007315393961933829	.41932776289100704	1.153461249192527	.5698607945973415
97.7	.007272591358590743	.41933922788450284	1.1534811880285665	.5698759929624261
97.8	.007230120645213746	.41935061616553815	1.1535009508036034	.5698910858388404
97.9	.007187979875633426	.4193619281173371	1.153520538667294	.5699060737776362
98	.007146167168884176	.4193731641096431	1.1535399527319845	.5699209573106484
98.1	.007104680709204152	.419384324498719	1.153559194072711	.5699357369504938
98.2	.007063518746035292	.4193954096273468	1.1535782637271998	.5699504131905725
98.3	.007022679594023328	.4194064198248279	1.1535971626958665	.569964986505067
98.4	.006982161633017753	.41941735540698305	1.1536158919418176	.5699794573489423
98.5	.00694196330807186	.41942821667615215	1.1536344523908484	.5699938261579464
98.6	.006902083129442709	.4194390039211946	1.153652844931445	.5700080933486095
98.7	.0068625196725911365	.41944971741748893	1.1536710704147832	.5700222593182449
98.8	.006823271578181778	.41946035742693305	1.1536891296547285	.5700363244449482
98.9	.006784337552083027	.4194709241979442	1.1537070234278366	.5700502890875978
99	.006745716365367082	.4194814179654589	1.153724752473353	.5700641535858547
99.1	.0067074068543099	.41949183895093295	1.153742317493213	.5700779182601625
99.2	.006669407920391222	.41950218736234157	1.1537597191520426	.5700915834117477
99.3	.006631718530294585	.4195124633941791	1.1537769580771564	.5701051493226189
99.4	.006594337715907286	.4195226672274593	1.15379403485856	.570118616255568
99.5	.006557264574320421	.41953279902971524	1.1538109500489486	.5701319844541691
99.6	.006520498267828853	.41954285895499926	1.153827704163707	.5701452541427791
99.7	.006484038023931224	.4195528471438831	1.1538442976809107	.5701584255265374
99.8	.006447883135329973	.4195627637234576	1.1538607310413245	.5701714987913663
99.9	.006411958512937506	.41957262530259865	1.1538770453518048	.5701844971017392
100	.006376059322052217	.41958247723896314	1.1538933526551045	.570197483703379
