0	2	0	0	.01
.1	1.9997853112607331	3904087140817113e-20	621937666922909e-19	.01015127480155611
.2	1.9995689875901113	778791137967978e-19	.00012472493891598564	.010304547142902768
.3	1.9993510252088824	.0001165238832082956	.00018759034046553208	.010459816756593783
.4	1.9991312585003203	.00015496483734619016	.0002508183766379337	.010617280380929859
.5	1.9989098104221448	.00019320965457258528	.0003143879586782317	.010776791952808255
.6	1.9986863132677102	.00023125961777580332	.00037834671253724644	.010938776535971702
.7	1.9984607356963133	.00026911483630013265	.00044269869751274255	.011103270359834435
.8	1.9982332762233035	.00030677461754720576	.0005074182015803686	.01127004394342829
.9	1.9980039348486802	.00034423896151702276	.0005725052247401245	.01143909728675327
1	1.9977727115724437	.0003815078682095836	.0006379597669920103	.01161043038980937
1.1	1.9975394774284922	.00041858586341481617	.0007037969180836662	.011784189053348252
1.2	1.99730359550548	.00045549529817626774	.000770091200167466	.011961093328234272
1.3	1.9970655677725146	.0004922185569600798	.0008367838800797623	.012140575720589386
1.4	1.996825394229596	.0005287556397662522	.0009038749578205547	.01232263623041359
1.5	1.9965830748767237	.0005651065465947852	.0009713644333898435	.012507274857706889
1.6	1.996338609713898	.0006012712774456785	.0010392523067876286	.012694491602469278
1.7	1.9960913240998956	.0006372708783094393	.0011076067923185887	.012885066972606496
1.8	1.9958414007768568	.0006730996483939769	.0011764094125644973	.013078789549544804
1.9	1.9955890369046758	.0007087514371334491	.0012456402322995857	.013275431234480172
2	1.9953342324833527	.0007442262445278564	.001315299251523854	.013474992027412603
2.1	1.9950769875128875	.0007795240705771985	.0013853864702373022	.013677471928342096
2.2	1.9948170108466856	.0008146537531830676	.001455929400419087	.013883210666220617
2.3	1.994553726226224	.0008496327849633176	.0015269824957800555	.014092880657307695
2.4	1.994287672390405	.0008844448122270938	.0015984948480364664	.014305853265699548
2.5	1.9940188493392283	.0009190898349743963	.0016704664571883193	.014522128491396176
2.6	1.9937472570726942	.0009535678532052247	.0017428973232356143	.014741706334397578
2.7	1.9934728955908023	.000987878866919579	.0018157874461783511	.014964586794703754
2.8	1.9931947441603945	.0010220447447374884	.0018892212624829286	.015191989109745112
2.9	1.99291325878026	.001056055717147527	.0019631610512953514	.015423368601622852
3	1.9926285257420027	.0010899099354017834	.0020375996744541455	.015658622197410994
3.1	1.9923405129625487	.0011236080868616267	.002112539785915764	.015897788219450384
3.2	1.992049188358825	.0011571508588884278	.002187984039636658	.016140904990081858
3.3	1.991754519847758	.001190538938843556	.0022639350895732793	.01638801083164626
3.4	1.9914564753462742	.0012237730140883816	.002340395589682081	.016639144066484438
3.5	1.9911550227713004	.0012568537719842743	.0024173681939195137	.016894343016937225
3.6	1.990850130039763	.0012897818998926045	.0024948555562420306	.01715364600534547
3.7	1.990540759724894	.0013225979500832408	.0025729515752133266	.01741825699961839
3.8	1.9902274358334895	.0013552805592777013	.002651608434287136	.0176875695637971
3.9	1.9899101843927862	.0013878281105883302	.0027308235133504267	.017961554644232682
4	1.9895889373548574	.0014202427174913725	.002810602730515937	.018240292262709117
4.1	1.9892636266717763	.0014525264934630738	.002890952003896407	.01852386244101038
4.2	1.9889341842956154	.0014846815519796808	.002971877251604576	.018812345200920445
4.3	1.9886005421784478	.0015167100065174382	.003053384391753183	.01910582056422328
4.4	1.988262632272347	.0015486139705525924	.0031354793424549685	.019404368552702875
4.5	1.987920386529385	.0015803955575613888	.00321816802182267	.019708069188143194
4.6	1.9875731476724523	.0016120340992832269	.0033014624335947363	.020017810392724104
4.7	1.98722119466231	.0016435451258085428	.0033853649119388912	.02033319639975091
4.8	1.986864479017467	.001674931507122951	.0034698811728835054	.02065428040319269
4.9	1.9865029122647817	.0017061945669898306	.00355501734549525	.020981170430131812
5	1.9861364059311122	.0017373356291725591	.003640779558840794	.021313974507650636
5.1	1.9857648715433167	.0017683560174345156	.0037271739419868074	.021652800662831526
5.2	1.9853882206282536	.0017992570555390786	.0038142066239999603	.021997756922756854
5.3	1.985006364712781	.0018300400672496256	.0039018837339469216	.022348951314508973
5.4	1.984619215323757	.0018607063763295356	.0039902114008943616	.022706491865170254
5.5	1.984226109065714	.0018912588109713483	.004079217665618006	.02307122194340575
5.6	1.983827315540309	.0019216977579454863	.004168895010070027	.023442791588710116
5.7	1.9834227519657008	.0019520245261226055	.004259249346407561	.023821301548833926
5.8	1.9830123105430104	.001982240489836747	.004350287540248853	.024206884569013695
5.9	1.9825958834733577	.002012347023421953	.004442016457212153	.024599673394485967
6	1.982173362957863	.0020423455012122662	.004534442962915704	.02499980077048726
6.1	1.981744641197647	.0020722372975417284	.004627573922977755	.025407399442254112
6.2	1.9813096103938297	.0021020237867443816	.004721416203016554	.025822602155023053
6.3	1.9808681627475313	.002131706343154268	.004815976668650346	.026245541654030608
6.4	1.9804195470947243	.002161289171020505	.004911286108332477	.0266771728343764
6.5	1.9799640770338967	.0021907717911126895	.005007335718477213	.027117089941831783
6.6	1.979501636903651	.0022201556123490444	.005104132657061986	.02756543576906539
6.7	1.979032097918707	.0022494421013746937	.005201684570061595	.02802236987962484
6.8	1.978555331293784	.0022786327248347604	.0052999991034508405	.02848805183705774
6.9	1.9780712082436012	.0023077289493743684	.005399083903204523	.02896264120491171
7	1.9775795999828778	.0023367322416386403	.005498946615297442	.02944629754673437
7.1	1.9770803777263335	.0023656440682727	.005599594885704399	.029939180426073325
7.2	1.9765734114505569	.0023944658949421383	.005701036394891794	.030441451012634027
7.3	1.9760577862081585	.0024231985663290723	.005803300689587291	.030954288714389648
7.4	1.975533910999568	.002451843974541533	.005906380434234783	.03147715545536468
7.5	1.975001632019548	.0024804035664303965	.00601028397181021	.03201024325610651
7.6	1.974460795462861	.0025088787888465384	.00611501964528952	.03255374413716254
7.7	1.9739112475242697	.002537271088640835	.006220595797648656	.03310785011908017
7.8	1.973352834398537	.0025655819126641608	.006327020771863562	.03367275322240679
7.9	1.972785402280425	.0025938127077673925	.006434302910910182	.034248645467689805
8	1.9722087973646965	.0026219649208014052	.006542450557764458	.034835718875476596
8.1	1.9716228434909897	.002650039931134483	.006651472550281784	.03543419470328504
8.2	1.971026459018099	.0026780363847932437	.006761397771111084	.0360454784344884
8.3	1.9704201340556546	.0027059576723906537	.006872220308768181	.036668919950741265
8.4	1.969803684176439	.002733805148340145	.006983949184113341	.03730475132130214
8.5	1.9691769249532345	.0027615801670551493	.007096593418006836	.03795320461542961
8.6	1.9685396719588233	.002789284082949099	.007210162031308936	.03861451190238221
8.7	1.9678917407659882	.0028169182504354257	.007324664044879915	.03928890525141851
8.8	1.9672329469475112	.0028444840239275617	.0074401084795800414	.03997661673179707
8.9	1.9665631060761746	.0028719827578389382	.0075565043562695845	.04067787841277642
9	1.9658819805973489	.0028994156762547647	.007673861769163408	.04139299194279619
9.1	1.965188291993766	.0029267814496479936	.007792211843465519	.04212362228397817
9.2	1.9644826269296054	.0029540833240162215	.007911548021364859	.04286899163316699
9.3	1.9637647634665782	.0029813225617535055	.00803188008157305	.043629381186607495
9.4	1.963034479666395	.0030085004252539006	.00815321780280171	.04440507214054447
9.5	1.9622915535907663	.0030356181769114633	.00827557096376246	.045196345691222724
9.6	1.961535763301403	.0030626770791202496	.008398949343166921	.04600348303488708
9.7	1.9607668868600159	.003089678394274315	.008523362719726717	.046826765367782346
9.8	1.9599847023283157	.003116623384767716	.008648820872153466	.047666473886153346
9.9	1.9591888699212499	.0031435120058836423	.008775334715955907	.04852304714234708
10	1.9583775958552057	.003170328085713723	.008902929192495813	.049398865155243644
10.1	1.9575517726063356	.003197085247307425	.00903160333039633	.05029272108774249
10.2	1.9567111170887557	.0032237840748332563	.009161367498223287	.05120497778404305
10.3	1.9558553455829968	.003250425145432239	.00929223207065434	.05213599893434619
10.4	1.9549841737360039	.0032770090292179098	.009424207428478952	.053086149074854164
10.5	1.954097316561137	.0033035362892763205	.009557303958598417	.054055793587770726
10.6	1.9531944884381707	.003330007481666039	.009691532054025842	.05504529870130106
10.7	1.952275403113294	.003356423155418146	.009826902113886154	.05605503148965175
10.8	1.9513397736991105	.0033827838525362394	.009963424543416102	.05708535987303087
10.9	1.9503873126746383	.003409090107996429	.010101109753964247	.05813665261764785
11	1.9494177318853103	.003435342449747342	.010239968162990973	.05920927933571365
11.1	1.948430742542974	.003461541398710119	.010380010194068482	.06030361048544059
11.2	1.9474260552258915	.0034876874687784164	.010521246276880798	.061420017371042475
11.3	1.9464029974073236	.003513795376632627	.010663708550746671	.06255933422017228
11.4	1.9453589156977702	.003539953402622817	.010807541530145709	.06372478849238783
11.5	1.9442954554868508	.0035660900856357737	.010952645763444763	.06491441421852698
11.6	1.9432122349507046	.0035922092502785226	.011099036804365253	.06612869465929982
11.7	1.9421088679418936	.003618314851223437	.011246730422130723	.06736811837942863
11.8	1.940984963989404	.0036444109732082348	.01139574260146685	.06863317924764784
11.9	1.9398401282986444	.003670501831035981	.011546089542601435	.06992437643670402
12	1.9386739617514475	.0036965917695750863	.011697787661264412	.07124221442335593
12.1	1.9374860609060693	.003722685263759309	.011850853588687845	.07258720298837452
12.2	1.9362760179971892	.0037487869185877523	.012005304171605924	.0739598572165429
12.3	1.9350434209359098	.003774901469124867	.01216115647225497	.07536069749665635
12.4	1.933787853309757	.0038010337805004495	.012318427768373432	.07679024952152225
12.5	1.9325088943826805	.003827188847909642	.01247713555320189	.07824904428796024
12.6	1.9312061190950534	.003853371796612934	.01263729753548305	.0797376180968021
12.7	1.9298786062631854	.003879554550830647	.012798899496674052	.08125725558539836
12.8	1.9285241240518805	.003905620630259103	.012961842055572657	.08281122034935534
12.9	1.9271438222645965	.003931683163620621	.013126247344074514	.08439766563656875
13	1.925737180748213	.003957742523703579	.013292128848180408	.08601726650614656
13.1	1.9243036715850452	.0039837989801534005	.013459500044499279	.08767070851999675
13.2	1.9228427590928423	.004009852699472558	.013628374400248215	.08935868774282732
13.3	1.9213538998247885	.0040359037450205726	.01379876537325247	.09108191074214632
13.4	1.919836542569503	.004061952077014011	.013970686411945432	.09284109458826177
13.5	1.9182901283510392	.004087997552526488	.014144150955368657	.09463696685428179
13.6	1.916714090428886	.004114039925488667	.01431917243317185	.09647026561611448
13.7	1.9151078542979667	.004140078846688259	.014495764265612873	.09834173945246799
13.8	1.9134708376886391	.0041661138637700225	.014673939863557736	.10025214744485053
13.9	1.9118024505666968	.0041921444212357625	.014853712628480602	.10220225917757023
14	1.910102095133367	.004218169860444334	.015035095952463795	.10419285473773533
14.1	1.9083685967914017	.00424418927534838	.015218103982650083	.10622548260021583
14.2	1.9066000091388984	.004270201463055759	.015402751883218158	.10830271935250022
14.3	1.9047969946477412	.004296205780909719	.015589051293707053	.11042366703623319
14.4	1.9029588562003446	.004322201140391674	.015777015660334383	.11258923866459686
14.5	1.901084885903983	.004348186349076839	.015966658423970388	.1148003617632978
14.6	1.8991743650907917	.004374160110634223	.01615799302013793	.11705797837056688
14.7	1.897226564317766	.004400121024826635	.016351032879012496	.11936304503715933
14.8	1.8952407433667613	.004426067587510682	.0165457914254222	.12171653282635476
14.9	1.8932161512444938	.004451998190636765	.01674228207884777	.12411942731395707
15	1.8911520261825396	.0044779111222490835	.016940518253422562	.12657272858829458
15.1	1.8890475956373356	.004503804566485637	.017140513357932555	.12907745125021994
15.2	1.8869020762901783	.004529676603578221	.01734228079581636	.13163462441311016
15.3	1.884714674047225	.0045555252098524275	.017545833965165198	.13424529170286667
15.4	1.8824845840394935	.004581348257727646	.01775118625872292	.1369105112579151
15.5	1.8802102661134137	.004607175909347205	.017958382738381698	.139632236317634
15.6	1.8778897830173855	.004633055495878017	.018167485350159298	.14241290418124253
15.7	1.8755234973926134	.004658930932025003	.018378455015695804	.14525215821200993
15.8	1.8731104914224699	.004684802797524308	.01859130815995823	.14815119949250166
15.9	1.8706498334433188	.004710671705552594	.018806061336863845	.15111124735144055
16	1.8681405779445155	.004736538302727043	.01902273122928018	.15413353936370713
16.1	1.8655817655684055	.004762403269105358	.019241334649025048	.15721933135033953
16.2	1.8629724231103262	.004788267318185753	.019461888536866492	.1603698973785332
16.3	1.8603115635186052	.004814131196906966	.01968440996252287	.16358652976164145
16.4	1.857598185894562	.004839995685648251	.01990891612466275	.16687053905917487
16.5	1.8548312754925067	.0048658615982293835	.020135424350905016	.17022325407680192
16.6	1.8520098037197406	.004891729781910652	.020363952097818775	.17364602186634834
16.7	1.8491327281365555	.004917601117392865	.020594516950923413	.1771402077257974
16.8	1.8461989924562352	.004943476518817353	.0208271366246886	.1807071951992903
16.9	1.8432067075637248	.004969364674630656	.021061825001066285	.18434947301303478
17	1.8401539833572456	.004995274185166729	.0212985961531648	.18806953107147947
17.1	1.8370407452541424	.005021196393359324	.021537473131810113	.19186744962648514
17.2	1.8338658156987564	.005047132969806357	.021778473848602528	.195744772642666
17.3	1.8306280003991215	.0050730856458553915	.022021616330116928	.1997030661654135
17.4	1.8273260883269655	.0050990562136036316	.022266918717902682	.20374391832089542
17.5	1.8239588517177083	.005125046525897927	.022514399268483747	.20786893931605682
17.6	1.8205250460704643	.005151058496334768	.02276407635335857	.2120797614386192
17.7	1.8170234101480405	.005177094099260289	.02301596845900015	.21637803905708078
17.8	1.8134526659769368	.00520315536977027	.023270094186856043	.2207654486207171
17.9	1.809811518847347	.0052292444037101305	.023526472253348304	.22524368865957983
18	1.8060986573131574	.005255363357674938	.023785121489873565	.22981447978449815
18.1	1.8023127531919485	.0052815144490094	.024046060842802957	.23447956468707748
18.2	1.798452461564993	.005307699955807866	.02430930937348216	.23924070813970014
18.3	1.7945156990221238	.005333900559636199	.024574828854827317	.24410076474994696
18.4	1.7905006631263674	.005360105936002262	.02484260485248064	.24906217077891624
18.5	1.7864066483432264	.005386339237461919	.025112711618174133	.2541257370668869
18.6	1.7822321930723233	.00541260149269674	.02538516471746099	.25929339028871556
18.7	1.7779758168018251	.005438893725869532	.025659979657872665	.2645670824179207
18.8	1.7736360201084427	.0054652169566243415	.025937171888918868	.2699487907266832
18.9	1.7692112846574308	.0054915722000864415	.02621675680208752	.2754405177858452
19	1.7647000732025884	.005517960466862346	.026498749730844817	.2810442914649113
19.1	1.760100829586259	.005544382763039802	.026783165950635183	.2867621649320475
19.2	1.75541197873933	.005570840090187789	.02707002067888127	.2925962166540815
19.3	1.7506319266812327	.005597333445356524	.027359329074984014	.2985485503965037
19.4	1.7457590605199427	.005623863821077457	.027651106240322545	.30462129522346537
19.5	1.7407917484519795	.005650432205363274	.027945367218254285	.3108166054977807
19.6	1.735728339762407	.005677039581707894	.02824212699411486	.3171366608809248
19.7	1.730567262277996	.005703657245477352	.02854129498336505	.3235837166561023
19.8	1.7253068554588142	.0057302776431418555	.028842855742149374	.3301600175397356
19.9	1.7199453404247755	.00575692350199823	.02914690141934489	.33686778220370833
20	1.7144809966808663	.005783594000796442	.029453440417397506	.3437092945331104
20.1	1.7089120850764308	.005810288235848629	.029762480803764185	.3506868638437903
20.2	1.7032368478051714	.005837005221029104	.030074030310913	.3578028248823558
20.3	1.697453508405146	.00586374388777436	.03038809633632315	.36505953782617456
20.4	1.691560271758772	.00589050308508306	.030704685942484912	.37245938828337255
20.5	1.6855553240928225	.005917281579516046	.03102380585689969	.38000478729283577
20.6	1.6794368329784282	.005944078055196336	.03134546247207998	.3876981713242089
20.7	1.6732029473310777	.005970891113809121	.03166966184554935	.39554200227789577
20.8	1.6668517974106158	.005997719274601769	.031996409699842535	.40353876748506007
20.9	1.6603814948212465	.006024560974383824	.032325711422505315	.4116909797076238
21	1.6537901325115287	.006051414567527005	.03265757206609462	.42000117713826923
21.1	1.6470784361485467	.006078255245906886	.03299183391052301	.42846863559183457
21.2	1.6402445997095159	.006105079994778374	.03332849286290959	.43709577257553334
21.3	1.6332851787744878	.006131899816714545	.033667643729592495	.4458870395707487
21.4	1.6261983331642458	.006158711504631846	.034009281554429525	.4548449010340704
21.5	1.6189822101975206	.006185511715442255	.03435340066928707	.46397183922215324
21.6	1.6116349446909917	.006212296970053271	.03469999469404003	.47327035419171487
21.7	1.6041546589592866	.0062390636533679175	.035049056536571845	.4827429637995365
21.8	1.5965394628149803	.006265808014284742	.0354005783927745	.4923922037024644
21.9	1.5887874535685969	.006292526165697818	.035754551746548506	.5022206273574068
22	1.5808967160286078	.006319214084496744	.03611096736980293	.5122308060213375
22.1	1.572865322501433	.006345867611566638	.03646981532245535	.5224253287512928
22.2	1.564691332791441	.006372482451788149	.036831084952431876	.5328068024043726
22.3	1.556372794200947	.006399054174037446	.0371947648956672	.5433778516377419
22.4	1.5479077415302165	.006425578211186223	.037560843076104494	.5541411189086277
22.5	1.539302864061471	.006452024908035196	.03792904186577651	.5650880948849564
22.6	1.5305549845043889	.006478392843044375	.0382993840388408	.5762229874836674
22.7	1.5216584727151325	.006504687484390345	.038671966228096474	.5875531674285762
22.8	1.51261172847597	.006530902526178722	.03904676082852669	.5990808135578742
22.9	1.5034131570648557	.006557031474695531	.03942373897316025	.6108080993152023
23	1.4940611692554289	.006583067648407213	.03980287053307164	.6227371927496541
23.1	1.4845541813170144	.006609004177960623	.04018412411738103	.6348702565157734
23.2	1.4748906150146235	.006634834006183025	.04056746707325425	.6472094478735552
23.3	1.4650688976089512	.006660549888082101	.04095286548590285	.6597569186884468
23.4	1.4550874618563798	.006686144390845943	.04134028417858399	.6725148154313452
23.5	1.4449447460089755	.00671160989384306	.041729686712600585	.6854852791786004
23.6	1.4346391938144913	.00673693858862237	.04212103538730117	.6986704456120121
23.7	1.4241692545163653	.006762122478913207	.042514291240079966	.7120724450188313
23.8	1.4135333828537204	.0067871533806253175	.0429094140463769	.7256934022917618
23.9	1.4027503572979019	.006811996874644745	.04330597054736318	.7395089030396005
24	1.3918127017864281	.0068366520183939855	.04370403256307517	.7535288208423782
24.1	1.380712725426273	.006861117963925766	.04410367489988268	.767763311612899
24.2	1.3694497862935973	.006885384646008904	.04450483529130497	.7822133276918989
24.3	1.3580232860778705	.00690944176272729	.04490744947393033	.7968797662471887
24.4	1.3464326700818747	.006933278775479882	.045311451187415946	.8117634692736511
24.5	1.3346774272217008	.006956884908980715	.04571677217448809	.8268652235932445
24.6	1.322757090026752	.006980249151258896	.04612334218094196	.8421857608549997
24.7	1.3106712346397416	.007003360253658599	.04653108895564174	.857725757535021
24.8	1.2984194808166925	.007026206730839075	.04693993825052064	.8734858349364881
24.9	1.28600149192694	.007048776860774645	.04734981382058083	.8894665591896523
25	1.2734169749531283	.0070710586847547025	.04776063742389349	.905668441251841
25.1	1.2606656804912135	.007093040007383712	.04817232882159877	.9220919369074533
25.2	1.2477474027504623	.0071147083965812105	.04858480577790579	.9387374467679624
25.3	1.2346998676159644	.0071361003155127785	.04899761320667453	.9555552278172124
25.4	1.2215069485984453	.007157182100203588	.04941082156596242	.972566732982128
25.5	1.2081607340572942	.007177930446169703	.04982441933575254	.9897825575495252
25.6	1.1946626935121845	.0071983339208506825	.0502383016019395	1.007200897288727
25.7	1.1810144048272408	.007218380938942268	.05065236081988985	1.0248198072208174
25.8	1.167217554211038	.007238059762396383	.05106648681444215	1.042637201618644
25.9	1.1532739362166025	.007257358500421126	.05148056677990682	1.0606508540068127
26	1.139185453741411	.007276265109480778	.051894485280066266	1.0788583971616925
26.1	1.1249541180273925	.0072947673932957985	.05230812424817481	1.0972573231114127
26.2	1.110582048660927	.007312853002842825	.052721362986958696	1.1158449831358626
26.3	1.0960714735728438	.007330509436354676	.05313407816861615	1.1346185877666952
26.4	1.0814247290384256	.007347724039320348	.05354614383481728	1.1535752067873217
26.5	1.066644259677404	.00736448400448502	.05395743139670419	1.1727117692329174
26.6	1.0517326184539626	.007380776371850046	.05436780963489087	1.1920250633904166
26.7	1.0367445308982555	.007396950874812302	.054777392611611436	1.2114415034920971
26.8	1.021655019442957	.007412800871868163	.055185911723579804	1.2309950266207839
26.9	1.006460457347935	.0074282676119489174	.05559319688647319	1.250690773543844
27	.99116572713552	.007443350738946767	.055999115387760465	1.270522411656355
27.1	.9757759012284053	.007458050312389795	.05640353227272396	1.2904833575883117
27.2	.9602962419496447	.007472366807441976	.05680631034445948	1.310566777204629
27.3	.9447322015226514	.007486301114903169	.05720731016387638	1.3307655856051437
27.4	.9290894220712014	.0074998545412091186	.05760639004969745	1.3510724471246098
27.5	.9133737356194291	.007513028808431457	.05800340607845901	1.3714797753327035
27.6	.8975911640918315	.0075258260542777015	.058398212084510855	1.3919797330340191
27.7	.8817479193132663	.007538248832091257	.058790659660016266	1.4125642322680705
27.8	.8658504030089502	.007550300110851415	.059180598154952045	1.4332249343092935
27.9	.8499052068044629	.0075619832751733515	.059567874677108446	1.4539532496670413
28	.8339191122257427	.0075733021253081316	.05995233409208926	1.4747403380855892
28.1	.8179307978996677	.007585245930097633	.06033577535057385	1.4955309104363794
28.2	.8019275165218109	.0075972008162605775	.06071681047565853	1.5163446322589098
28.3	.7859148910388858	.007609118138179521	.0610951709718749	1.5371744291456784
28.4	.7699015304159907	.007621036533343703	.0614707586214315	1.558008901916955
28.5	.7538962793207735	.007632996477822636	.06184347579033543	1.5788363338931066
28.6	.7379082181234347	.007645040286266103	.062213225428392284	1.5996446908945905
28.7	.7219466628967258	.00765721211190416	.06257991106920613	1.6204216212419575
28.8	.7060211654159481	.007669557946547133	.06294343683017961	1.6411544557558542
28.9	.690141513158956	.00768212562058562	.06330370741251383	1.6618302077570175
29	.6743177293061533	.007694964802990492	.06366062810120844	1.6824355730662803
29.1	.6585600727404961	.00770812700131289	.06401410476506156	1.7029569300045673
29.2	.6428790380474921	.007721665561684226	.06436404385666986	1.7233803393928955
29.3	.6272853555151984	.007735635668816186	.06471035241242852	1.7436915445523782
29.4	.6117899911342255	.0077500943460007245	.06505293805253119	1.763875971304219
29.5	.5963440218042443	.007765913428826952	.06539486489094064	1.7839936025161003
29.6	.5810015977703648	.007782576078567296	.06573379974671115	1.803976037887451
29.7	.5657739885701629	.007800150290975669	.06606967317406096	1.8238082533015385
29.8	.5506712212106615	.007818725888224732	.06640249390246819	1.8434767480134624
29.9	.5357034779078091	.007838395619457064	.06673227547026576	1.8629678040186544
30	.5208810960864765	.007859255160785176	.06705903622464154	1.8822674860528839
30.1	.50621456838046	.007881403115291506	.06738279932163818	1.901361641592253
30.2	.4917145426324795	.007904941013028419	.06770359272615321	1.9202359008531988
30.3	.47739182189417795	.007929973311018208	.06802144921193908	1.9388756767924955
30.4	.46325736442612386	.007956607393253089	.06833640636160301	1.957266165107249
30.5	.4493222836978079	.007984953570695211	.06864850656660718	1.975392344234903
30.6	.4355978483876463	.008015125081276648	.06895779702726856	1.9932389753532342
30.7	.4220954823829791	.008047238089899399	.06926432975275902	2.0107906023803546
30.8	.4088254769204582	.008081209628873442	.06956787867408613	2.028033915716306
30.9	.39576116799290817	.00811113718912582	.0698600709707484	2.045023501143572
31	.38293819310629634	.008140871672924557	.07014618948450217	2.0616996636620657
31.1	.37036583365561315	.008170107398920351	.07042569847636138	2.078051149972254
31.2	.3580533387709886	.008198512198913883	.07069802583631811	2.0940668336049155
31.3	.3460099253176915	.008225727417855822	.07096256308334267	2.109735714921139
31.4	.33424477789613194	.008251367913846813	.07121866536538347	2.1250469211123213
31.5	.3227670488418583	.0082750220581375	.07146565145936719	2.1399897062001725
31.6	.3115858582255601	.008296251735128497	.0717028037711986	2.1545534510367106
31.7	.30070259947026107	.008315087905925913	.07193021594705698	2.168736131581522
31.8	.2900247928724039	.00833757894879488	.07215828274808933	2.1826391299199854
31.9	.27962482291681967	.008359126452687469	.07237919761213964	2.1961824733700444
32	.2695039106954846	.008379686783152882	.0725929533934	2.209364601516077
32.1	.259662717069477	.00839922382301177	.07279956473564825	2.222184661841182
32.2	.25010134266897527	.008417708972356233	.07299906807224796	2.2346425097271814
32.3	.24081932789325936	.00843512114854982	.07319152162614846	2.246738708454619
32.4	.2318156529107079	.008451446786227532	.0733770054098848	2.258474529202764
32.5	.22308873765880236	.008466679837295819	.07355562122557778	2.2698519510496054
32.6	.21463520515043039	.008480903532214873	.07372758132891323	2.2808750826630937
32.7	.2064424314473552	.008494782922109593	.07389374255412512	2.291558726780368
32.8	.19851347390380228	.008507916802797538	.07405381909919469	2.3018997229374163
32.9	.19084369552641128	.008520383143794255	.07420805842771358	2.31190381988124
33	.18342784490607536	.008532271014198803	.07435673367760795	2.3215775365479443
33.1	.17626005621793905	.008543680582693735	.07450014366113843	2.3309281620627424
33.2	.16933384922139869	.008554723117545111	.07463861286490019	2.3399637557399537
33.3	.16264212926010296	.008565520986602494	.07477249144982294	2.348693147083003
33.4	.15617718726195107	.00857620765729895	.0749021552511709	2.357125935784424
33.5	.14993782261262334	.008586685120250952	.07502748625347613	2.365264010696462
33.6	.14395427616555118	.008595774771303613	.07514605403744823	2.373071862712587
33.7	.1381913873048527	.008604515492137445	.07526017926820466	2.3805918932581585
33.8	.13264246234168517	.008612966870544605	.07537008716280348	2.387832647511837
33.9	.12730042313676837	.008621191762207927	.07547601183952693	2.394803167027382
34	.12215780710038698	.00862925629070093	.07557819631788135	2.401512989733647
34.1	.11720676719238893	.008637229847487809	.0756768925185972	2.4079721499345803
34.2	.11243907192218582	.008645185091923442	.07577236126362911	2.4141911783092276
34.3	.10784610534875332	.008653197951253385	.07586487227615582	2.4201811019117287
34.4	.10342812340363755	.008661149060402816	.0759542564106252	2.425941964180838
34.5	.09921283595516148	.008668325152443675	.07603900675477439	2.431439778864273
34.6	.09516548447325035	.008675348010062253	.07612062857722135	2.436718054600479
34.7	.09127948578202154	.008682230038746337	.07619925448166981	2.4417853756117083
34.8	.08754810800984339	.008688981854628615	.07627501456853358	2.446650530104738
34.9	.0839644705893341	.008695612284486684	.07634803643493661	2.451322510270872
35	.08052154425736337	.008702128365743049	.07641844517471293	2.455810512285939
35.1	.07721215105505133	.008708535346465117	.07648636337840667	2.4601239363102922
35.2	.07402896432776876	.008714836685365206	.0765519111332721	2.4642723864888114
35.3	.07097319724194762	.008721021630295759	.07661508647150998	2.4682542622261834
35.4	.06806347233303393	.008727052537934078	.0766756433275619	2.4720451117536624
35.5	.06527370372525243	.008732953680228943	.07673394626283939	2.475679197794454
35.6	.06259873698391669	.008738717402637139	.07679006727818613	2.47916330713307
35.7	.06003345116150592	.008744334000803256	.0768440733643657	2.4825041913176547
35.8	.05757275879766521	.008749791720559683	.0768960265020616	2.4857085666599894
35.9	.05521160591920475	.008755076757926607	.07694598366187723	2.488783114235491
36	.052944972040100916	.008760173259112018	.07699399680433586	2.491734479883211
36.1	.05076787016149556	.008765063320511702	.07704011287988073	2.494569274205836
36.2	.0486802182939297	.008769807772838714	.07708446193612589	2.4972873520182186
36.3	.046688399140360826	.00877457204524318	.07712728532657145	2.499879660672912
36.4	.044779306535503896	.008779195779140676	.07716846630971143	2.502364044523717
36.5	.042949406241802164	.008783674741460534	.07720805564795763	2.5047451538482535
36.6	.04119528409720888	.008788004085208648	.0772461006596946	2.5070274842340607
36.7	.03951364601518744	.008792178349467479	.07728264521927955	2.509215376578599
36.8	.037901317984711545	.008796191459396046	.07731772975704242	2.5113130170892495
36.9	.03635524607026468	.008800036726229938	.0773513912592858	2.513324437283315
37	.034872496411840835	.008803706847281299	.07738366326828507	2.515253513988018
37.1	.03345111949456795	.00880724807597402	.07741467138258182	2.517102617420576
37.2	.032089974541632885	.008810749215276829	.07744461385270694	2.5188728858787592
37.3	.03078530114300087	.008814126736851592	.07747338275210357	2.5205695885157895
37.4	.02953484891251617	.008817383616565132	.07750102029707025	2.522195665590322
37.5	.028336500841673724	.00882052305010227	.07752756672974163	2.5237538818632714
37.6	.027188273299618784	.008823548452965839	.07755306031808851	2.525246826597814
37.7	.026088316033146996	.00882646346047668	.07757753735591774	2.526676913559386
37.8	.025034912166704483	.00882927192777364	.07760103216287234	2.5280463810156864
37.9	.02402647820238755	.008831977929813576	.07762357708443139	2.5293572917366727
38	.023059649120317983	.00883458604556309	.07764524227495251	2.530614032771082
38.1	.022130444578022004	.008837101184921975	.07766611146926904	2.5318217930492337
38.2	.02123984409476796	.008839527761305784	.07768616615531623	2.5329792853436413
38.3	.020386400410374306	.00884187078790298	.07770543903546973	2.5340883890471297
38.4	.019568773704569525	.008844135501569473	.07772396137681142	2.5351508419148123
38.5	.018785731596992476	.008846327362828619	.07774176301112948	2.5361682400640913
38.6	.018036149147192166	.008848452055871226	.07775887233491828	2.5371420379746565
38.7	.017319008854627792	.008850515488555546	.07777531630937845	2.538073548488487
38.8	.016633400658668803	.00885252379240728	.07779112046041689	2.538963942809848
38.9	.015975823454062017	.008854462969922169	.07780632135037115	2.5398178589926266
39	.015342702636971045	.008856317882576528	.07782095494253775	2.5406400354088996
39.1	.01473597343788525	.008858114361828396	.07783503079639599	2.5414278445634437
39.2	.014154655147612195	.008859855659659775	.07784857100944002	2.5421825602692154
39.3	.013597841916487741	.008861545005990094	.07786159639444865	2.542905358268837
39.4	.013064702754375901	.00886318560867621	.07787412647948533	2.5435973162345986
39.5	.012554481530669076	.008864780653512414	.07788617950789822	2.544259413768454
39.6	.012066496974287888	.00886633330423042	.07789777243832016	2.5448925324020255
39.7	.01160014267368123	.008867846702499372	.0779089209446686	2.5454974555965997
39.8	.011152597144816919	.00886931346620053	.07791965984535369	2.546077908749159
39.9	.010721566111161651	.008870728265639553	.07793001863853083	2.5466369186704614
40	.010308444733123118	.00887210232566486	.0779399932908514	2.5471726155579715
40.1	.009912542545562964	.008873436940986105	.07794959775862237	2.547685899697185
40.2	.009533219044001891	.008874733270063108	.07795884493556605	2.5481776063578323
40.3	.009169883684619684	.008875992335105843	.07796774665282012	2.5486485057938766
40.4	.008821995884255097	.008877215022074447	.0779763136789376	2.549099303243516
40.5	.008489065020406021	.008878402080679212	.0779845557198869	2.549530638929182
40.6	.008170650431229377	.00887955412438059	.07799248141905177	2.5499430880575393
40.7	.007864807382478838	.008880674626991379	.07800012920253356	2.55033918774103
40.8	.007570290294609546	.008881765674250272	.07800752354828888	2.55072056333412
40.9	.00728780865778266	.008882825542073102	.07801465005803837	2.551086290346413
41	.007016884621530026	.008883854755982273	.07802151782955394	2.5514369930808067
41.1	.006757074949005636	.008884853734843644	.07802813520263929	2.5517732508415363
41.2	.006507971016985637	.008885822790866532	.07803450975912994	2.552095597934174
41.3	.006269198815868352	.008886762129603711	.07804064832289315	2.552404523665628
41.4	.006040418949674216	.008887671849951411	.07804655695982797	2.5527004723441427
41.5	.005821326636045871	.008888551944149321	.07805224097786524	2.552983843279301
41.6	.005610584165552001	.008889409108910484	.07805773423948145	2.5532563660047605
41.7	.005407533132434659	.00889024582103586	.07806305214729664	2.5535188945556384
41.8	.005212540251745461	.008891058131029651	.07806818214863354	2.553770961981427
41.9	.0050252898367703774	.00889184655744562	.07807313062064267	2.5540129800034728
42	.004845491170612034	.008892611573710458	.07807790344730582	2.55424532776776
42.1	.004672878506189665	.008893353608123787	.07808250601943596	2.5544683518449127
42.2	.004507211066239122	.00889407304385815	.07808694323467734	2.554682366230194
42.3	.004348273043312887	.008894770218959019	.07809121949750537	2.5548876523435045
42.4	.004195873599780025	.008895445426344791	.07809533871922675	2.5550844590293855
42.5	.004048996096141561	.008896102532870181	.07809932458638133	2.5552741050693126
42.6	.00390729830096566	.008896742597643625	.07810318482041541	2.555457035064456
42.7	.0037710350855713094	.008897364200873245	.07810691301936884	2.55563291961539
42.8	.0036400056443555767	.008897967922243883	.0781105137388244	2.555802019615896
42.9	.003514027068452572	.0088985543264012	.07811399120970196	2.5559645725503732
43	.003392934345733496	.008899123962951672	.0781173493382585	2.556120792493842
43.1	.003276580360806606	.008899677366462582	.07812059170608807	2.5562708701119434
43.2	.0031648358950172244	.008900215056462036	.07812372157012183	2.5564149726609373
43.3	.003057589626447746	.008900737537438952	.07812674186262802	2.5565532439877043
43.4	.002954008748757519	.008901245594587855	.07812966788290988	2.556686773054703
43.5	.002853944886009559	.00890173973145754	.07813250316435874	2.5568157523139288
43.6	.002757601205683119	.00890222030310239	.07813524518855841	2.5569399137598916
43.7	.0026648494127134497	.008902687789277703	.07813789710928594	2.5570594236079676
43.8	.002575573422042029	.008903142656974223	.07814046185326988	2.557174432113276
43.9	.002489669358616543	.008903585360418137	.07814294212019032	2.5572850735706782
44	.002407045557390918	.008904016341071084	.07814534038267885	2.5573914663147774
44.1	.002327622563325299	.008904436027630152	.0781476588863186	2.557493712719921
44.2	.002251333131386053	.00890484483602787	.07814989964964421	2.5575918992001965
44.3	.0021775195794224633	.008905242695773656	.07815207355789817	2.557686888245469
44.4	.0021061525187530887	.008905630007831405	.07815418197276802	2.557778716690446
44.5	.0020373700701397535	.008906007282460137	.07815622368547294	2.5578672013054735
44.6	.0019710865623641027	.008906374831665401	.0781582008213797	2.557952453069013
44.7	.0019072242266669507	.008906732951302617	.07816011534380611	2.558034572660513
44.8	.0018457131967482903	.008907081921077078	.07816196905402108	2.558113650460408
44.9	.0017864915087672719	.008907422004543955	.07816376359124451	2.558189766550118
45	.001729505101342232	.00890775344910829	.0781655004326474	2.558262990712052
45.1	.0016747078155506742	.008908076486024995	.07816718089335183	2.5583333824296033
45.2	.0016216265370204693	.008908391569939405	.07816881370642018	2.5584015602716574
45.3	.0015702869583868958	.00890869886893301	.07817039888593011	2.558467489738488
45.4	.0015207604666591505	.008908998514119583	.07817193562516107	2.558531076548226
45.5	.001472987100150603	.008909290697168965	.07817342538262442	2.5585923984495453
45.6	.001426911899478955	.00890957559519842	.07817486950533505	2.5586515266894456
45.7	.0013824849075662444	.00890985337077262	.07817626922881135	2.5587085260132545
45.8	.0013396611696388475	.008910124171903667	.07817762567707527	2.558763454664624
45.9	.0012984007332274676	.008910388132051071	.0781789398626523	2.5588163643855335
46	.001258668648167153	.008910645370121767	.07818021268657144	2.558867300416288
46.1	.0012201523184468368	.008910896778797911	.07818145100388017	2.558916669221263
46.2	.001182890006623746	.0089111422715889	.07818265413619403	2.558964420803548
46.3	.0011469066248676496	.00891138179863863	.07818382168747341	2.5590105225414455
46.4	.0011121595179907266	.008911615497940895	.07818495470749783	2.5590550297248407
46.5	.001078609268036119	.00891184349785982	.07818605417242805	2.5590979934383102
46.6	.0010462196942779215	.008912065917129888	.0781871209848062	2.559139460561119
46.7	.0010149578532211842	.008912282864855918	.07818815597355565	2.5591794737672235
46.8	.0009847940386019146	.00891249444051308	.07818915989398106	2.559218071525269
46.9	.0009557017813870693	.00891270073394689	.07819013342776841	2.55925528809859
47	.0009274792657092084	.008912902524647267	.07819108142251041	2.559291385072234
47.1	.0009001615733153763	.008913099667540407	.0781920031051624	2.559326316894696
47.2	.0008737511590788546	.008913292148354414	.07819289848046275	2.559360080305523
47.3	.0008482180100998115	.0089134800829963	.07819376832715587	2.5593927141290456
47.4	.0008235343031656948	.008913663581845255	.0781946133752358	2.5594242543423835
47.5	.000799674404751242	.008913842749752628	.07819543430594621	2.5594547340754437
47.6	.0007766148710184734	.008914017686041942	.07819623175178035	2.5594841836109206
47.7	.0007543344478166938	.008914188484508886	.07819700629648117	2.559512630384297
47.8	.0007328140706824941	.008914355233421314	.0781977584750412	2.559540098983844
47.9	.0007119165116868627	.008914518360097446	.07819849145983061	2.559566767580549
48	.0006916733878800074	.00891467780918371	.07819920465493681	2.5595925948866998
48.1	.0006720796106113201	.008914833631158503	.07819989828379202	2.55961758732195
48.2	.0006531143755982588	.008914985922236371	.07820057292070189	2.559641771731316
48.3	.0006347584032335722	.008915134775008	.07820122910606382	2.5596651729769557
48.4	.0006169939385852947	.008915280278440215	.07820186734636714	2.5596878139381714
48.5	.000599804751396754	.008915422517875972	.07820248811419296	2.559709715511406
48.6	.0005831761360865658	.00891556157503437	.07820309184821425	2.559730896610245
48.7	.0005670949117486352	.008915697528010635	.07820367895319581	2.5597513741654176
48.8	.0005514605672884516	.008915830569309266	.07820425157135949	2.559771279078747
48.9	.0005363032919784045	.008915960716216335	.07820480923583835	2.5597905716973113
49	.0005216162428659174	.008916088033612317	.07820535221450793	2.5598092607013725
49.1	.0005073849979848322	.00891621259484699	.07820588092282214	2.559827364668481
49.2	.0004935961963775502	.008916334470262195	.07820639575157012	2.5598449007984057
49.3	.00048023753809503403	.008916453727191836	.07820689706687632	2.5598618849131336
49.4	.00046729778419680323	.008916570429961877	.0782073852102004	2.559878331456871
49.5	.0004547667567509403	.008916684639890348	.0782078604983373	2.5598942534960445
49.6	.0004426353388340867	.008916796415287339	.07820832322341725	2.5599096627192965
49.7	.00043082773740224083	.008916905897851685	.07820877500523593	2.559924657835361
49.8	.00041937194990179896	.008917013095245901	.07820921538799323	2.559939202111825
49.9	.00040826081743780595	.008917118058318718	.07820964461428147	2.559953304702628
50	.0003974841563232986	.008917220840122237	.0782100629835987	2.5599669787159525
50.1	.00038703250929095987	.008917321491127388	.07821047077745814	2.559980236318842
50.2	.00037689714549312016	.008917420059223915	.07821086825938811	2.559993088737203
50.3	.00036707006050175773	.008917516589720384	.07821125567493208	2.5600055462558036
50.4	.0003575439763084959	.008917611125344185	.07821163325164861	2.5600176182182737
50.5	.00034831234132460734	.00891770370624153	.0782120011991114	2.5600293130271043
50.6	.0003393192885998477	.008917794495622739	.07821236082068232	2.560040703216134
50.7	.0003305884413886991	.008917883456356232	.07821271165185156	2.5600517579565447
50.8	.0003221127872289526	.008917970627473548	.07821305390689373	2.5600624862605446
50.9	.00031388494845576185	.008918056048165895	.07821338780635104	2.5600728976187086
51	.00030589803934933556	.008918139755632028	.0782137135579901	2.5600830008853763
51.1	.0002981456661349348	.008918221785078239	.078214031356802	2.560092804278651
51.2	.0002906219269828737	.008918302169718362	.07821434138500218	2.5601023153803992
51.3	.00028332141200851997	.008918380940773775	.07821464381203054	2.560111541136253
51.4	.0002762385728491974	.008918458129883967	.07821493881015053	2.5601204886721582
51.5	.00026933578498435735	.00891853389122774	.07821522734471063	2.560129206661439
51.6	.00026262920949250885	.008918608173210668	.07821550904959296	2.5601376741129407
51.7	.00025611306682446017	.008918681008022056	.07821578410097248	2.56014589845491
51.8	.00024978191311070415	.008918752426456275	.07821605266611521	2.5601538866817584
51.9	.00024363064016141628	.008918822457912753	.07821631490337826	2.5601616453540643
52	.00023765447546645756	.008918891130395974	.07821657096220969	2.5601691805985713
52.1	.00023184898219537255	.008918958470515484	.07821682098314861	2.560176498108188
52.2	.00022621005919738993	.008919024503485888	.07821706509782522	2.5601836031419887
52.3	.00022073274319912162	.008919089258225203	.07821730346002947	2.5601905020740614
52.4	.00021539337743289996	.008919152843252797	.07821753670822432	2.560197225450786
52.5	.00021020135331328328	.00891921522645472	.07821776462346129	2.560203761085027
52.6	.00020515239730900864	.00891927643391472	.07821798734103362	2.560210114459656
52.7	.00020024247056834633	.008919336490751502	.07821820498994524	2.5602162907543122
52.8	.0001954677689191002	.008919395421118727	.07821841769291092	2.5602222948454
52.9	.00019082472286860626	.008919453248205022	.07821862556635623	2.5602281313060917
53	.00018630999760373474	.008919509994233965	.07821882872041748	2.560233804406325
53.1	.00018192049299088877	.008919565680464097	.07821902725894182	2.5602393181128025
53.2	.00017765080009935782	.008919620339571183	.07821922134977474	2.560244679370071
53.3	.00017347526314476428	.008919674102975068	.0782194117204686	2.5602499212405463
53.4	.0001694082101452195	.008919726907622086	.07821959799384112	2.5602550252071863
53.5	.00016544656231352772	.0089197787753766	.07821978027393366	2.5602599952071654
53.6	.00016158746929532318	.008919829727168342	.078219958658671	2.560264834882484
53.7	.00015782830916907047	.008919879782992416	.07822013323986132	2.5602695475799666
53.8	.00015416668844606474	.008919928961909289	.07822030410319625	2.560274136351261
53.9	.00015060044207043066	.008919977282044803	.07822047132825077	2.560278603952842
54	.00014712763341912405	.008920024760590162	.07822063498848335	2.560282952846006
54.1	.00014374655430193073	.008920071413801947	.07822079515123581	2.5602871851968763
54.2	.00014045572496146688	.008920117257002102	.07822095187773342	2.5602913028764
54.3	.00013725389407317923	.008920162304577942	.07822110522308486	2.5602953074603474
54.4	.00013414003874534408	.008920206569982148	.07822125523628222	2.5602992002293155
54.5	.00013111336451906882	.008920250065732776	.07822140196020101	2.560302982168724
54.6	.00012817330536829088	.008920292803413245	.07822154543160015	2.560306653968819
54.7	.0001252723553833171	.008920334941148139	.07822168683778723	2.5603102771769026
54.8	.00012243396273487297	.008920376414997596	.07822182562561324	2.560313821351533
54.9	.00011966543902000245	.008920417211253728	.07822196163711655	2.5603172769728064
55	.00011696542601520888	.00892045734309516	.07822209492642268	2.5603206457619487
55.1	.0001143327276862594	.00892049682297301	.07822222554316498	2.5603239292308935
55.2	.00011176631018818499	.008920535662610876	.07822235353248463	2.5603271286822804
55.3	.00010926530186528081	.008920573873004845	.07822247893503066	2.560330245209457
55.4	.00010682899325110539	.008920611464423484	.07822260178695997	2.5603332796964784
55.5	.00010445683706848173	.008920648446407853	.07822272211993726	2.5603362328181056
55.6	.00010214844822949654	.008920684827771488	.07822283996113512	2.5603391050398083
55.7	9990360383550052e-20	.008920720616600417	.07822295533323395	2.560341896617763
55.8	977222431771084e-19	.008920755820253149	.078223068254422	2.5603446075988523
55.9	956044677341984e-19	.008920790445360682	.07822317873839538	2.5603472378206678
56	9355054117591315e-20	.008920824497826494	.07822328679435804	2.5603497869115066
56.1	9152874037234154e-20	.008920858068936787	.07822339319914762	2.5603522960113776
56.2	8953265520248393e-20	.008920891181884426	.07822349812105954	2.5603547734117904
56.3	8758532495068249e-20	.008920923780689708	.07822360102050273	2.560357189187794
56.4	856858744639773e-19	.008920955873134042	.07822370193164502	2.5603595444503267
56.5	8383351460184713e-20	.008920987466475353	.07822380088599162	2.5603618401998918
56.6	82027542236209e-18	.008921018567448093	.07822389791238511	2.5603640773265566
56.7	8026734025141824e-20	.00892104918226324	.07822399303700549	2.5603662566099548
56.8	7855237754426861e-20	.008921079316608285	.07822408628337015	2.560368378719284
56.9	7688220902399191e-20	.008921108975647251	.07822417767233383	2.560370444213307
57	7525647561225856e-20	.008921138164020681	.07822426722208872	2.5603724535403507
57.1	7367490424317727e-20	.00892116688584564	.07822435494816438	2.5603744070383074
57.2	7213730786329503e-20	.008921195144715713	.07822444086342774	2.5603763049346355
57.3	706435854315973e-19	.008921222943701013	.07822452497808316	2.560378147346356
57.4	6919372191950754e-20	.008921250285348174	.07822460729967236	2.560379934280056
57.5	6777854898202632e-20	.008921277207990522	.0782246880779492	2.5603816775760797
57.6	6637488383739505e-20	.008921303804852078	.07822476793371647	2.5603834071927665
57.7	6500530844991057e-20	.00892132998911789	.0782248462744671	2.5603850939265937
57.8	63669046817603e-18	.00892135576558338	.07822492312637942	2.5603867387709323
57.9	6236536128508448e-20	.008921381138707815	.07822499851423244	2.560388342670338
58	6109355254354974e-20	.008921406112614307	.07822507246140585	2.5603899065205526
58.1	5985295963077569e-20	.008921430691089817	.07822514498988009	2.5603914311685028
58.2	5864295993112159e-20	.008921454877585154	.07822521612023627	2.5603929174122997
58.3	5746296917552904e-20	.008921478675214976	.07822528587165621	2.56039436600124
58.4	5631244144152173e-20	.008921502086757785	.07822535426192247	2.5603957776358057
58.5	55190869153205874e-21	.008921525114655935	.07822542130741825	2.5603971529676643
58.6	54097783081269914e-21	.008921547761015624	.07822548702312751	2.5603984925996675
58.7	530327523429846e-19	.008921570027606898	.07822555142263489	2.560399797085853
58.8	5199538440220304e-20	.008921591915863654	.07822561451812575	2.5604010669314436
58.9	5098532506936045e-20	.008921613426883631	.07822567632038614	2.560402302592846
59	4998858823531115e-20	.008921634715624285	.07822573738281492	2.560403521773732
59.1	4901468998797011e-20	.008921655672042818	.07822579732366111	2.5604047124417084
59.2	48063322717162316e-21	.008921676297000719	.07822585615223727	2.5604058749933567
59.3	4713387805807816e-20	.008921696594848278	.07822591388995132	2.5604070102054863
59.4	46225768939144703e-21	.00892171656979198	.07822597055749049	2.5604081188276675
59.5	4533842958202609e-20	.008921736225894521	.07822602617482138	2.5604092015822317
59.6	4447131550162328e-20	.008921755567074795	.07822608076118995	2.5604102591642737
59.7	4362390350607413e-20	.0089217745971079	.07822613433512149	2.5604112922416475
59.8	427956916967534e-19	.00892179331962514	.07822618691442063	2.5604123014549716
59.9	4198619946827259e-20	.00892181173811402	.07822623851617136	2.560413287417623
60	4119496750848023e-20	.008921829855918247	.07822628915673703	2.5604142507157426
60.1	404215577984617e-19	.008921847676237738	.07822633885176031	2.560415191908232
60.2	39665553612539235e-21	.008921865202128608	.07822638761616324	2.5604161115267545
60.3	3892655951827202e-20	.008921882436503175	.07822643546414719	2.5604170100757355
60.4	38201284768242606e-21	.008921899495660982	.07822648268511147	2.5604178914019062
60.5	37490230341343176e-21	.008921916348991026	.07822652921104213	2.5604187549687945
60.6	3679417603188826e-20	.008921932955714272	.07822657494884235	2.5604195999151753
60.7	36112746880846784e-21	.008921949320686327	.07822661991595162	2.5604204267112682
60.8	3544558868419988e-20	.008921965448639955	.07822666412913971	2.560421235800675
60.9	3479236799294069e-20	.00892198134418507	.07822670760450669	2.56042202760038
61	341527721130746e-19	.008921997011808744	.07822675035748283	2.560422802500754
61.1	3352650910561916e-20	.008922012455875202	.07822679240282872	2.560423560865547
61.2	32913307786603985e-21	.00892202768062582	.0782268337546352	2.5604243030318963
61.3	3231291772707094e-20	.008922042690179134	.07822687442632335	2.5604250293103203
61.4	31725109253073865e-21	.00892205748853083	.07822691443064456	2.560425739984722
61.5	311496734456789e-19	.008922072079553747	.07822695377968043	2.5604264353123867
61.6	3058642214096426e-20	.008922086466997882	.07822699248484288	2.5604271155239844
61.7	30035187930020327e-21	.008922100654490386	.07822703055687406	2.5604277808235674
61.8	29495824158949645e-21	.00892211464553556	.0782270680058464	2.560428431388572
61.9	2896820492886679e-20	.008922128443514863	.07822710484116259	2.5604290673698182
62	2845222509589861e-20	.00892214205168691	.07822714107155557	2.560429688891509
62.1	27947800271184043e-21	.00892215547318746	.07822717670508857	2.560430296051231
62.2	27454866820874175e-21	.008922168711029441	.07822721174915508	2.560430888919953
62.3	2697338186613227e-20	.008922181768102925	.07822724621047884	2.56043146754203
62.4	26503323283133635e-21	.008922194647175138	.07822728009511389	2.5604320319351976
62.5	26044689703065818e-21	.008922207350890466	.07822731340844447	2.5604325820905767
62.6	2556520207774135e-20	.00892221996288989	.07822734690691396	2.5604331599267853
62.7	25091608071519116e-21	.008922232418494566	.07822737997296385	2.560433730689921
62.8	24624626930216928e-21	.00892224471832685	.07822741259464644	2.5604342934360895
62.9	24164122844284916e-21	.008922256865085913	.07822744477972839	2.560434848332416
63	2370998197557426e-20	.008922268861345015	.07822747653527824	2.5604353955178296
63.1	23262112457337003e-21	.00892228070955152	.07822750786766655	2.560435935103061
63.2	22820444394226125e-21	.008922292412026892	.0782275387825658	2.5604364671706454
63.3	22384929862295555e-21	.008922303970966692	.07822756928495044	2.5604369917749223
63.4	21955542909000046e-21	.008922315388440582	.07822759937909683	2.560437508942033
63.5	2153227955319538e-20	.008922326666392321	.07822762906858335	2.560438018669923
63.6	2111515778513822e-20	.008922337806639768	.0782276583562903	2.5604385209283413
63.7	20704217566486152e-21	.008922348810874883	.07822768724439992	2.5604390156588397
63.8	20299520830297713e-21	.008922359680663721	.07822771573439644	2.5604395027747744
63.9	19901151481032282e-21	.00892237041744644	.078227743827066	2.5604399821613035
64	19509215394550245e-21	.008922381022537295	.07822777152249674	2.56044045367539
64.1	19123840418112902e-21	.008922391497124642	.07822779882007874	2.560440917145799
64.2	18745176370382374e-21	.008922401842270935	.07822782571850402	2.5604413723731008
64.3	18373395041421892e-21	.008922412058912726	.07822785221576656	2.5604418191296667
64.4	18008690192695393e-21	.00892242214786067	.07822787830916228	2.560442257159673
64.5	1765127755706795e-20	.008922432109799512	.0782279039952891	2.5604426861791
64.6	173013948388054e-19	.00892244194528811	.07822792927004685	2.560443105875729
64.7	1695930171357451e-20	.00892245165475941	.07822795412863733	2.5604435159091463
64.8	16625279828443106e-21	.00892246123852046	.0782279785655643	2.560443915910742
64.9	16299632801879752e-21	.00892247069675241	.07822800257463344	2.5604443054837094
65	15982686223754124e-21	.008922480029510505	.07822802614895244	2.5604446842030435
65.1	15674787655336674e-21	.008922489236724092	.07822804928093091	2.560445051615545
65.2	15376306629298785e-21	.00892249831819662	.07822807196228042	2.5604454072398166
65.3	15087634649712887e-21	.008922507273605627	.07822809418401448	2.5604457505662648
65.4	1480918519205217e-20	.00892251610250276	.07822811593644857	2.5604460810570995
65.5	14541393703190905e-21	.008922524804313763	.07822813720920015	2.560446398146334
65.6	14284717601404164e-21	.008922533378338475	.07822815799118858	2.5604467012397847
65.7	1403963627636795e-20	.008922541823750837	.07822817827063522	2.560446989715072
65.8	13806651089159293e-21	.008922550139598893	.07822819803506333	2.560447262921619
65.9	13586285372256006e-21	.008922558324804779	.0782282172712982	2.560447520180653
66	13379084429536958e-21	.008922566378164734	.078228235965467	2.560447760785204
66.1	13185615536281842e-21	.008922574298349095	.07822825410299891	2.5604479840001058
66.2	12970554038212438e-21	.00892258228529596	.07822827280561317	2.5604482351626876
66.3	12683996529076838e-21	.008922590620693718	.07822829365657122	2.5604485783242246
66.4	12400785285578934e-21	.008922598886694187	.07822831428984334	2.560448917406852
66.5	12121042034008435e-21	.008922607084455433	.07822833470495437	2.5604492522473565
66.6	11844901976105549e-21	.00892261521505726	.07822835490100005	2.5604495826652363
66.7	11572513789061115e-21	.00892262327950122	.07822837487664706	2.5604499084626964
66.8	11304039625516707e-21	.008922631278710598	.07822839463013304	2.560450229424653
66.9	11039655113564383e-21	.008922639213530429	.07822841415926647	2.56045054531873
67	10779549356746965e-21	.008922647084727486	.07822843346142684	2.5604508558952617
67.1	10523924934057795e-21	.008922654892990281	.07822845253356453	2.5604511608872897
67.2	10272997899940843e-21	.008922662638929072	.07822847137220083	2.5604514600105674
67.3	10026997784290805e-21	.008922670323075858	.07822848997342798	2.560451752963555
67.4	9786167592452871e-21	.008922677945884376	.07822850833290915	2.5604520394274233
67.5	955076380522299e-20	.008922685507730111	.0782285264458784	2.5604523190660515
67.6	932105637884763e-20	.008922693008910286	.07822854430714074	2.5604525915260283
67.7	9097328745023892e-21	.008922700449643862	.07822856191107211	2.560452856436652
67.8	8879877810899599e-21	.008922707830071552	.07822857925161937	2.5604531134099293
67.9	8669013959073072e-21	.008922715150255799	.0782285963223003	2.5604533620405765
68	8465061047593377e-21	.008922722410180793	.07822861311620359	2.560453601906019
68.1	826835640996012e-20	.00892272960975247	.0782286296259889	2.5604538325663913
68.2	8079250855123532e-21	.008922736748798501	.07822864584388675	2.5604540535645373
68.3	7898108667484555e-21	.008922743827068301	.07822866176169867	2.56045426442601
68.4	7725307606894646e-21	.008922750844233027	.07822867737079704	2.5604544646590712
68.5	75612389086559896e-22	.008922757799885578	.07822869266212519	2.5604546537546926
68.6	7406307283521326e-21	.008922764693540594	.07822870762619738	2.5604548311865543
68.7	726093091769402e-20	.008922771524634457	.0782287222530988	2.560454996411046
68.8	7125541472828128e-21	.008922778292525291	.07822873653248556	2.5604551488672667
68.9	7000584086028249e-21	.008922784996492962	.0782287504535847	2.5604552879770246
69	6886517369849684e-21	.008922791635739077	.07822876400519414	2.5604554131448363
69.1	6783813412298303e-21	.008922798209386983	.0782287771756828	2.5604555237579283
69.2	6692957776830611e-21	.008922804716481771	.07822878995299049	2.560455619186236
69.3	6614449502353774e-21	.008922811155990274	.07822880232462792	2.560455698782405
69.4	6548801103225537e-21	.008922817526801068	.07822881427767675	2.560455761881788
69.5	649653856925431e-20	.008922823827724463	.07822882579878959	2.5604558078024486
69.6	6458201365699102e-21	.008922830057492523	.07822883687418992	2.5604558358451595
69.7	6434342433269553e-21	.008922836214759042	.0782288474896722	2.560455845293401
69.8	6425528188125939e-21	.008922842298099563	.07822885763060175	2.560455835413365
69.9	634878223995709e-20	.008922848721020253	.07822886984077414	2.5604559128971687
70	6233707266291979e-21	.008922855337856155	.07822888321630443	2.560456039673976
70.1	6122182801674222e-21	.008922861941954068	.0782288964773202	2.560456161886441
70.2	601425639261332e-20	.008922868534421351	.07822890962501129	2.5604562794681054
70.3	5909979037514762e-21	.008922875116336888	.07822892266044543	2.56045639234811
70.4	580940518667992e-20	.008922881688751097	.07822893558456818	2.560456500451192
70.5	57125927423061705e-22	.008922888252685912	.0782289483982031	2.560456603697688
70.6	56196030584867875e-22	.008922894809134805	.07822896110205155	2.560456702003534
70.7	553050094121099e-20	.008922901359062766	.07822897369669281	2.5604567952802615
70.8	5445354648363982e-21	.00892290790340632	.07822898618258405	2.5604568834350023
70.9	5364235889726859e-21	.008922914443073509	.07822899856006034	2.560456966370486
71	5287219826976707e-21	.008922920978943911	.07822901082933463	2.56045704398504
71.1	5214385073686521e-21	.008922927511868626	.07822902299049775	2.5604571161725906
71.2	5145813695325244e-21	.008922934042670283	.07822903504351846	2.560457182822662
71.3	5081591209257787e-21	.008922940572143037	.07822904698824334	2.5604572438203763
71.4	5021806584744973e-21	.00892294710105257	.07822905882439694	2.5604572990464547
71.5	49665522429435974e-22	.00892295363013609	.07822907055158164	2.560457348377216
71.6	4915924056906377e-21	.008922960160102335	.07822908216927775	2.5604573916845776
71.7	4870021351581974e-21	.008922966691631564	.07822909367684343	2.5604574288360546
71.8	48289469038150134e-22	.008922973225375568	.07822910507351477	2.560457459694761
71.9	4792806942346039e-21	.008922979761957665	.07822911635840574	2.5604574841194085
72	47617111478115604e-22	.008922986301972694	.07822912753050816	2.5604575019643074
72.1	4735772652744013e-21	.00892299284598703	.07822913858869182	2.5604575130793665
72.2	4715108041571782e-21	.008922999394538568	.07822914953170432	2.5604575173100925
72.3	4699837350619202e-21	.00892300594813673	.0782291603581712	2.56045751449759
72.4	4690084068106542e-21	.00892301250726247	.07822917106659585	2.5604575044785625
72.5	4685975134150021e-21	.008923019072368263	.07822918165535962	2.560457487085311
72.6	4687640940761797e-21	.008923025643878115	.07822919212272167	2.560457462145736
72.7	4695215331849977e-21	.008923032222187557	.0782292024668191	2.5604574294833347
72.8	4708835603218603e-21	.008923038807663647	.07822921268566686	2.5604573889172038
72.9	4728642502567673e-21	.00892304540064497	.07822922277715785	2.5604573402620376
73	4754780229493114e-21	.008923052001441638	.0782292327390628	2.5604572833281294
73.1	4787396435486805e-21	.00892305861033529	.0782292425690304	2.560457217921369
73.2	4826642223936575e-21	.008923065227579092	.07822925226458713	2.560457143843246
73.3	4872672150126177e-21	.008923071853397737	.07822926182313744	2.560457060890849
73.4	4925644221235334e-21	.008923078487987445	.07822927124196365	2.560456968856862
73.5	498571989633968e-20	.008923085131515959	.07822928051822596	2.5604568675295702
73.6	5023780225428882e-21	.008923092490266231	.0782292922693564	2.56045679130262
73.7	5066269796480147e-21	.008923099930730762	.07822930414100789	2.560456708900367
73.8	5113317540998238e-21	.008923107454025954	.07822931613381161	2.5604566201485723
73.9	5164968225007993e-21	.008923115063352522	.07822932825611685	2.560456524972148
74	522126779623434e-20	.008923122761937448	.07822934051635395	2.5604564232942866
74.1	5282263384102354e-21	.008923130553033985	.07822935292303428	2.5604563150364634
74.2	5348003299737235e-21	.008923138439921657	.07822936548475021	2.5604562001184346
74.3	5418537035964279e-21	.008923146425906256	.07822937821017517	2.5604560784582366
74.4	5493915267308943e-21	.008923154514319845	.07822939110806362	2.560455949972189
74.5	5574189849996765e-21	.008923162708520756	.07822940418725108	2.560455814574891
74.6	5659413821953441e-21	.00892317101189359	.07822941745665404	2.560455672179224
74.7	5749641402804791e-21	.008923179427849223	.0782294309252701	2.560455522696351
74.8	5844927993876719e-21	.008923187959824793	.07822944460217782	2.560455366035715
74.9	5945330178195304e-21	.008923196611283712	.07822945849653683	2.5604552021050426
75	6050905720486696e-21	.008923205385715663	.07822947261758778	2.5604550308103398
75.1	6161713567177208e-21	.008923214286636595	.07822948697465239	2.560454852055894
75.2	627781384639328e-20	.00892322331758873	.07822950157713338	2.5604546657442744
75.3	6399267867961425e-21	.00892323248214056	.07822951643451448	2.5604544717763327
75.4	6526138123408346e-21	.008923241783886844	.07822953155636052	2.5604542700511996
75.5	6658488285960801e-21	.008923251226448615	.07822954695231729	2.5604540604662893
75.6	6796383210545722e-21	.00892326081347317	.07822956263211166	2.5604538429172954
75.7	693988893379017e-20	.00892327054863408	.07822957860555153	2.5604536172981947
75.8	7089072674021265e-21	.008923280435631186	.07822959488252582	2.5604533835012435
75.9	7244002831266338e-21	.008923290478190599	.07822961147300447	2.560453141416981
76	7404748987252749e-21	.008923300680064694	.0782296283870385	2.560452890934227
76.1	75713819054080555e-22	.008923311045032125	.0782296456347599	2.5604526319400827
76.2	7743973530859934e-21	.008923321576897809	.07822966322638175	2.5604523643199304
76.3	7922596990436118e-21	.008923332279492933	.07822968117219813	2.560452087957434
76.4	8107326592664556e-21	.00892334315667496	.07822969948258415	2.560451802734539
76.5	8298237827773221e-21	.008923354212327615	.078229718167996	2.5604515085314716
76.6	8495407367690288e-21	.0089233654503609	.07822973723897082	2.5604512052267396
76.7	8698913066044056e-21	.00892337687471108	.07822975670612689	2.5604508926971326
76.8	8908833958162862e-21	.008923388489340694	.0782297765801634	2.5604505708177205
76.9	9125250261075284e-21	.00892340029823855	.0782297968718607	2.560450239461856
77	9348243373509899e-21	.008923412305419725	.07822981759208007	2.5604498985011714
77.1	9577895875895503e-21	.008923424514925568	.07822983875176387	2.560449547805582
77.2	9799659552370466e-21	.008923436888525444	.07822985994467817	2.560449207365327
77.3	999676847058801e-20	.008923449381600583	.07822988070139411	2.5604489002203796
77.4	10196285726113344e-21	.0089234620762564	.0782299018023943	2.560448589136496
77.5	10398102633120026e-21	.008923474976072744	.07822992325335613	2.5604482742462475
77.6	10602108238482699e-21	.008923488084645763	.07822994505993967	2.56044795568523
77.7	10808189321777001e-21	.008923501405587904	.07822996722778768	2.5604476335920636
77.8	11016230395279492e-21	.008923514942527914	.07822998976252556	2.560447308108394
77.9	11226113703967845e-21	.008923528699110839	.07823001266976141	2.560446979378889
78	11437719225520614e-21	.008923542678998022	.07823003595508606	2.5604466475512426
78.1	11650924670317444e-21	.008923556885867111	.07823005962407292	2.5604463127761736
78.2	1186560548143898e-20	.008923571323412049	.07823008368227816	2.5604459752074233
78.3	12081634834666774e-21	.008923585995343078	.07823010813524058	2.5604456350017597
78.4	12298883638483507e-21	.008923600905386743	.07823013298848168	2.5604452923189736
78.5	12517220534072729e-21	.008923616057285887	.07823015824750565	2.5604449473218804
78.6	1273651189531909e-20	.008923631454799649	.07823018391779933	2.5604446001763206
78.7	12956621828808233e-21	.008923647101703472	.07823021000483227	2.5604442510511585
78.8	13177412173826715e-21	.008923663001789095	.07823023651405665	2.5604439001182837
78.9	13398742502362216e-21	.008923679158864562	.0782302634509074	2.560443547552609
79	13620470119103286e-21	.00892369557675421	.07823029082080207	2.5604431935320724
79.1	13842450061439574e-21	.008923712259298675	.0782303186291409	2.5604428382376367
79.2	14064535099461729e-21	.0089237292103549	.07823034688130683	2.560442481853288
79.3	14286575735961306e-21	.00892374643379612	.07823037558266545	2.560442124566038
79.4	14508420206430985e-21	.008923763933511875	.07823040473856506	2.560441766565922
79.5	14729914479064323e-21	.008923781713407998	.07823043435433662	2.5604414080459996
79.6	14950902254755964e-21	.008923799777406628	.07823046443529376	2.560441049202356
79.7	1517122496710156e-20	.008923818129446199	.0782304949867328	2.5604406902340995
79.8	15390721782397668e-21	.008923836773481445	.07823052601393277	2.5604403313433637
79.9	15609229599641968e-21	.0089238557134834	.0782305575221553	2.5604399727353058
80	15826583050533015e-21	.0089238749534394	.07823058951664476	2.560439614618109
80.1	1604261449947046e-20	.008923894497353075	.0782306220026282	2.5604392572029786
80.2	16257154043554954e-21	.008923914349244362	.07823065498531533	2.5604389007041464
80.3	16470029512588052e-21	.008923934513149488	.07823068846989853	2.560438545338868
80.4	16681066469072435e-21	.008923954993120988	.07823072246155287	2.5604381913274223
80.5	16890088208211666e-21	.008923975793227689	.0782307569654361	2.560437838893115
80.6	17096915757910394e-21	.008923996917554725	.07823079198668867	2.560437488262273
80.7	17301367878774263e-21	.008924018370203523	.07823082753043366	2.560437139664251
80.8	1750326106410984e-20	.008924040155291812	.07823086360177686	2.5604367933314265
80.9	17705144072010145e-21	.00892406088298082	.07823089812128929	2.5604364504911445
81	17905716491395055e-21	.008924081124469707	.07823093194199492	2.560436110978324
81.1	18103584068187474e-21	.008924101497656156	.078230965986708	2.5604357745976873
81.2	1829857226060166e-20	.008924121997529915	.07823100024671778	2.5604354416002506
81.3	1849050457501176e-20	.008924142618936213	.07823103471305565	2.5604351122401705
81.4	18679202565951997e-21	.008924163356575778	.07823106937649522	2.5604347867747417
81.5	18864485836116445e-21	.00892418420500482	.07823110422755233	2.560434465464398
81.6	19046172036359246e-21	.00892420515863504	.07823113925648503	2.5604341485727113
81.7	19224076865694488e-21	.008924226211733628	.07823117445329356	2.560433836366394
81.8	19398014071296167e-21	.008924247358423263	.07823120980772033	2.5604335291152958
81.9	19567795448498337e-21	.008924268592682114	.07823124530925002	2.560433227092406
82	19733230840794927e-21	.008924289908343838	.0782312809471095	2.5604329305738527
82.1	198941281398399e-19	.00892431129909758	.07823131671026781	2.5604326398389023
82.2	200502932854472e-19	.008924332758487977	.07823135258743624	2.5604323551699606
82.3	20201530265590655e-21	.00892435427991515	.07823138856706827	2.5604320768525723
82.4	20347641116404157e-21	.008924375856634716	.07823142463735956	2.5604318051754213
82.5	2048842592218148e-20	.008924397481757775	.07823146078624803	2.5604315404303293
82.6	20623682815376427e-21	.008924419148250916	.07823149700141376	2.560431282912257
82.7	20753207976602773e-21	.008924440848936224	.07823153327027904	2.560431032919306
82.8	20876795634634194e-21	.008924462576491266	.0782315695800084	2.5604307907527133
82.9	2099423806640442e-20	.008924484323449097	.07823160591750855	2.5604305567168577
83	21105325597007064e-21	.00892450608219827	.07823164226942841	2.5604303311192553
83.1	21209846599695773e-21	.008924527844982816	.0782316786221591	2.560430114270562
83.2	2130758749588415e-20	.008924549603902264	.07823171496183397	2.5604299064845724
83.3	21398332755145728e-21	.008924571350911625	.07823175127432853	2.5604297080782183
83.4	21481864895214058e-21	.008924593077821405	.07823178754526056	2.5604295193715734
83.5	21557964481982612e-21	.008924614776297593	.07823182375998998	2.5604293406878473
83.6	21626410129504867e-21	.008924636437861674	.07823185990361897	2.5604291723533903
83.7	2168697849999426e-20	.008924658053890616	.07823189596099188	2.5604290146976907
83.8	21739444303824177e-21	.008924679615616878	.0782319319166953	2.560428868053376
83.9	21783580299527992e-21	.00892470111412841	.07823196775505797	2.5604287327562134
84	21819157293799034e-21	.008924722540368647	.07823200346015091	2.5604286091451067
84.1	2184594414149061e-20	.008924743885136517	.07823203901578729	2.5604284975621012
84.2	21863707745615996e-21	.008924765139086435	.07823207440552252	2.5604283983523786
84.3	21872213057348426e-21	.008924786292728304	.07823210961265417	2.5604283118642615
84.4	21871223076021103e-21	.008924807336427518	.07823214462022207	2.5604282384492105
84.5	25895553854386543e-21	.008924828336954056	.07823217956026522	2.5604281756931506
84.6	25961688573245966e-21	.00892485272293982	.0782322211198734	2.5604279995860653
84.7	26024715891156377e-21	.00892487726332268	.07823226300095337	2.560427826987689
84.8	26084589652675146e-21	.00892490195610671	.07823230520153492	2.560427657964851
84.9	26141262196265553e-21	.008924926799169898	.07823234771942594	2.560427492586852
85	2619468435429671e-20	.008924951790264167	.07823239055221252	2.5604273309254655
85.1	26244805453043612e-21	.008924976927015361	.07823243369725888	2.5604271730549355
85.2	26291573312687136e-21	.008925002206923252	.07823247715170738	2.560427019051979
85.3	26334934247313987e-21	.008925027627361538	.07823252091247855	2.5604268689957856
85.4	26374833064916785e-21	.008925053185577844	.0782325649762711	2.5604267229680153
85.5	26411213067393978e-21	.008925078878693716	.07823260933956185	2.560426581052802
85.6	26444016050549896e-21	.008925104703704634	.0782326539986058	2.56042644333675
85.7	2647318230409475e-20	.00892513065748	.0782326989494361	2.560426309908937
85.8	26498650611644593e-21	.008925156736763138	.07823274418786406	2.560426180860911
85.9	2652035825072137e-20	.008925182938171307	.07823278970947917	2.560426056286693
86	26538240992752866e-21	.008925209258195684	.078232835509649	2.5604259362827775
86.1	26552233103072763e-21	.008925235693201375	.07823288158351935	2.560425820948128
86.2	2656226734092059e-20	.008925262239427417	.07823292792601413	2.5604257103841825
86.3	2656827495944175e-20	.008925288892986763	.07823297453183546	2.5604256046948497
86.4	2657018570568752e-20	.0089253156498663	.07823302139546354	2.5604255039865107
86.5	26567927820615027e-21	.008925342505926838	.07823306851115677	2.5604254083680185
86.6	2656142803908728e-20	.008925369456903113	.0782331158729517	2.5604253179506986
86.7	2655061158987315e-20	.00892539649840379	.07823316347466304	2.560425232848348
86.8	26535402195647384e-21	.008925423625911455	.07823321130988364	2.5604251531772357
86.9	2651572207299058e-20	.008925450834782625	.07823325937198453	2.560425079056103
87	26491491932389214e-21	.008925478120247738	.07823330765411486	2.5604250106061635
87.1	26462630978235632e-21	.008925505477411163	.07823335614920195	2.560424947951102
87.2	26429056908828036e-21	.008925532901251193	.0782334048499513	2.5604248912170755
87.3	26390685916370516e-21	.008925560386620046	.07823345374884651	2.560424840532714
87.4	26347432686972996e-21	.008925587928243868	.07823350283814941	2.560424796029118
87.5	2629921040065131e-20	.008925615520722728	.0782335521098999	2.560424757839861
87.6	26245930731327123e-21	.008925643158530627	.07823360155591612	2.560424726100989
87.7	26187503846827973e-21	.008925670836015484	.07823365116779431	2.5604247009510184
87.8	26123838408887296e-21	.008925698547399151	.07823370093690886	2.5604246825309387
87.9	2605484157314435e-20	.008925726286777404	.07823375085441236	2.560424670984212
88	25980418989144305e-21	.008925754048119941	.07823380091123551	2.560424666456771
88.1	25900474800338165e-21	.008925781825270394	.0782338510980872	2.560424669097021
88.2	25814911644082805e-21	.008925809611946313	.07823390140545446	2.5604246790558403
88.3	25723630651640994e-21	.008925837401739179	.07823395182360245	2.560424696486577
88.4	2562653144818133e-20	.008925865188114397	.07823400234257454	2.5604247215450537
88.5	25523512152778316e-21	.0089258929644113	.0782340529521922	2.5604247543895635
88.6	25414469378412302e-21	.008925920723843144	.07823410364205509	2.5604247951808716
88.7	25299298231969488e-21	.008925948459497115	.07823415440154102	2.560424844082216
88.8	25177892314241993e-21	.00892597616433432	.07823420521980595	2.5604249012593057
88.9	25050143719927736e-21	.0089260038311898	.07823425608578399	2.5604249668803227
89	24915943037630578e-21	.008926031452772511	.07823430698818741	2.5604250411159204
89.1	24775179349860188e-21	.008926059021665345	.07823435791550665	2.5604251241392237
89.2	24627740233032104e-21	.008926086530325113	.07823440885601027	2.5604252161258314
89.3	24473511757467794e-21	.008926113971082561	.078234459797745	2.560425317253812
89.4	243123784873945e-19	.008926141336142349	.07823451072853577	2.5604254277037084
89.5	2414422348094543e-20	.008926168617583071	.07823456163598558	2.5604255476585327
89.6	23968928290159593e-21	.008926195807357248	.07823461250747565	2.5604256773037717
89.7	2378637296098185e-20	.008926222897291324	.07823466333016535	2.5604258168273826
89.8	23596436033263016e-21	.008926249879085666	.07823471409099217	2.5604259664197953
89.9	23398994540759665e-21	.008926276744314574	.0782347647766718	2.560426126273911
90	2319392401113435e-20	.008926303484426268	.07823481537369803	2.560426296585104
90.1	22981098465955406e-21	.008926330090742899	.07823486586834286	2.56042647755122
90.2	22760390420697035e-21	.008926356554460542	.0782349162466564	2.5604266693725766
90.3	3119356425159019e-20	.008926385305063778	.07823496983309942	2.5604267887557164
90.4	3106550456374841e-20	.008926416123803262	.07823502632617017	2.5604268430862227
90.5	3093607828048935e-20	.008926447069073392	.07823508306541456	2.560426898741918
90.6	3080534527343487e-20	.008926478139861147	.07823514004735296	2.5604269556489623
90.7	3067336592387457e-20	.008926509335113901	.0782351972684023	2.5604270137330287
90.8	3054020112276586e-20	.008926540653739422	.0782352547248761	2.5604270729193015
90.9	30405912270733827e-21	.008926572094605872	.07823531241298433	2.5604271331324746
91	302705612780714e-19	.008926603656541809	.07823537032883358	2.5604271942967545
91.1	30134210564739198e-21	.008926635338336179	.07823542846842699	2.560427256335859
91.2	2999692306036559e-20	.008926667138738326	.0782354868276642	2.560427319173016
91.3	29858762204246764e-21	.008926699056457987	.0782355454023414	2.5604273827309654
91.4	29719791945346583e-21	.008926731090165292	.07823560418815137	2.560427446931958
91.5	29580076742296747e-21	.008926763238490764	.07823566318068338	2.560427511697756
91.6	29439681563396643e-21	.008926795500025321	.07823572237542328	2.5604275769496323
91.7	29298671886613416e-21	.008926827873320275	.07823578176775346	2.5604276426083716
91.8	2915711369958203e-20	.00892686035688733	.07823584135295283	2.5604277085942697
91.9	29015073499605117e-21	.008926892949198585	.0782359011261969	2.5604277748271334
92	2887261829365315e-20	.008926925648686532	.07823596108255765	2.5604278412262804
92.1	28729815598364293e-21	.008926958453744058	.07823602121700365	2.56042790771054
92.2	28586733440044464e-21	.008926991362724441	.07823608152440005	2.560427974198253
92.3	2844344035466739e-20	.008927024373941354	.07823614199950846	2.5604280406072704
92.4	2830000538787449e-20	.008927057485668865	.07823620263698709	2.5604281068549555
92.5	28156498094975e-18	.008927090696141435	.0782362634313907	2.560428172858182
92.6	2801298854094586e-20	.008927124003553916	.07823632437717055	2.5604282385333352
92.7	27869547300431758e-21	.00892715740606156	.07823638546867452	2.560428303796311
92.8	27726245457745202e-21	.008927190901780003	.07823644670014694	2.560428368562518
92.9	27583154606866372e-21	.008927224488785284	.07823650806572877	2.5604284327468743
93	2744034685144329e-20	.008927258165113833	.07823656955945746	2.5604284962638095
93.1	27297894804791657e-21	.008927291928762468	.07823663117526702	2.560428559027265
93.2	27155871589894943e-21	.00892732577768841	.07823669290698802	2.5604286209506935
93.3	27014350839404423e-21	.008927359709809268	.07823675474834757	2.560428681947058
93.4	26873406695639058e-21	.008927393723003043	.07823681669296931	2.5604287419288334
93.5	26733113810585627e-21	.008927427815108134	.07823687873437343	2.5604288008080056
93.6	2659354734589862e-20	.008927461983923331	.07823694086597667	2.5604288584960715
93.7	26454782972900275e-21	.008927496227207822	.07823700308109233	2.56042891490404
93.8	2631689687258064e-20	.00892753054268118	.07823706537293021	2.56042896994243
93.9	26179965735597443e-21	.008927564928023381	.07823712773459672	2.560429023521272
94	26044066762276246e-21	.00892759938087479	.07823719015909475	2.5604290755501085
94.1	25909277662610303e-21	.008927633898836164	.07823725263932377	2.560429125937992
94.2	2577567665626063e-20	.008927668479468659	.07823731516807979	2.560429174593487
94.3	25643342472556046e-21	.00892770312029382	.07823737773805536	2.5604292214246684
94.4	25512354350493056e-21	.008927737818793588	.07823744034183959	2.5604292663391237
94.5	25382792038735987e-21	.008927772572410297	.07823750297191813	2.56042930924395
94.6	25254735795616875e-21	.008927807378546673	.07823756562067313	2.560429350045757
94.7	251282663891355e-19	.008927842234565837	.07823762828038337	2.560429388650664
94.8	25003465096959458e-21	.008927877137791309	.07823769094322411	2.5604294249643034
94.9	24880413706424027e-21	.008927912085506992	.07823775360126715	2.5604294588918166
95	24759194514532307e-21	.008927947074957192	.07823781624648089	2.5604294903378584
95.1	24639890327955108e-21	.008927982103346603	.07823787887073025	2.560429519206593
95.2	2452258446303098e-20	.008928017167840314	.07823794146577666	2.560429545401697
95.3	244073607457663e-19	.008928052265563811	.07823800402327813	2.5604295688263576
95.4	2429430351183511e-20	.00892808739360297	.07823806653478921	2.5604295893832734
95.5	24183497606579282e-21	.00892812254900406	.078238128991761	2.560429606974654
95.6	24075028385008403e-21	.008928157728773747	.07823819138554114	2.560429621502221
95.7	23968981711799802e-21	.008928192929879088	.0782382537073738	2.560429632867205
95.8	2386544396129861e-20	.008928228149247538	.07823831594839972	2.5604296409703506
95.9	23764502017517663e-21	.008928263383766937	.07823837809965617	2.560429645711912
96	23670214117067367e-21	.008928298729233326	.07823844044589175	2.560429641173514
96.1	2362921530202698e-20	.008928335342344293	.07823850642210167	2.560429559052845
96.2	23594531312264297e-21	.008928372047133516	.07823857253670202	2.5604294682056508
96.3	23566348249893947e-21	.008928408842751992	.07823863878750688	2.5604293683878416
96.4	23544853833708106e-21	.008928445728338692	.07823870517230874	2.560429259353217
96.5	23530237399176553e-21	.00892848270302057	.07823877168887856	2.5604291408534667
96.6	23522689898446618e-21	.008928519765912555	.0782388383349658	2.5604290126381675
96.7	23522403900343207e-21	.008928556916117558	.07823890510829831	2.5604288744547876
96.8	23529573590368814e-21	.008928594152726465	.07823897200658243	2.5604287260486824
96.9	23544394770703503e-21	.008928631474818144	.07823903902750295	2.560428567163098
97	235670648602049e-19	.008928668881459443	.07823910616872314	2.560428397539169
97.1	23597782894408215e-21	.008928706371705182	.07823917342788467	2.56042821691592
97.2	2363674952552624e-20	.008928743944598166	.07823924080260772	2.5604280250302627
97.3	2368416702244933e-20	.00892878159916918	.07823930829049089	2.5604278216170004
97.4	2374023927074542e-20	.008928819334436983	.07823937588911127	2.5604276064088243
97.5	23805171772660006e-21	.008928857149408312	.07823944359602439	2.560427379136315
97.6	23879171647116178e-21	.00892889504307789	.07823951140876421	2.5604271395279423
97.7	2396244762971459e-20	.008928933014428412	.07823957932484318	2.5604268873100655
97.8	24055210072733466e-21	.008928971062430553	.07823964734175222	2.5604266222069327
97.9	2415767094512863e-20	.00892900918604297	.07823971545696065	2.560426343940681
98	2427004383253343e-20	.008929047384212296	.07823978366791629	2.560426052231337
98.1	24392543937258834e-21	.008929085655873146	.07823985197204539	2.560425746796817
98.2	24525388078293384e-21	.008929123999948106	.07823992036675269	2.5604254273529254
98.3	2466879469130315e-20	.008929162415347748	.07823998884942136	2.5604250936133566
98.4	24822983828631844e-21	.008929200900970623	.07824005741741302	2.5604247452896933
98.5	24988177159300676e-21	.008929239455703257	.07824012606806778	2.560424382091409
98.6	25164597969008488e-21	.008929278078420155	.07824019479870416	2.5604240037258643
98.7	25352471160131706e-21	.008929316767983806	.07824026360661918	2.560423609898311
98.8	2555202325172425e-20	.00892935552324467	.07824033248908827	2.5604232003118885
98.9	25763482379517726e-21	.008929394343041193	.07824040144336536	2.560422774667626
99	25987078295921193e-21	.008929433226199796	.07824047046668282	2.5604223326644426
99.1	2622304237002138e-20	.008929472171534876	.07824053955625146	2.560421873999145
99.2	2647160758758259e-20	.008929511177848817	.07824060870926057	2.5604213983664303
99.3	26733008551046593e-21	.008929550243931973	.0782406779228779	2.560420905458885
99.4	27007481479532893e-21	.008929589368562684	.0782407471942496	2.5604203949669833
99.5	27295264208838397e-21	.008929628550507263	.07824081652050036	2.5604198665790903
99.6	27596596191437708e-21	.008929667788520005	.07824088589873325	2.560419319981459
99.7	2791171849648302e-20	.008929707081343184	.07824095532602986	2.5604187548582322
99.8	2824087380980396e-20	.008929746427707053	.07824102479945018	2.560418170891442
99.9	28584306433907908e-21	.008929785826329839	.0782410943160327	2.5604175677610095
100	28942262287979633e-21	.008929825275917755	.07824116387279434	2.5604169451447443
