0	2	0	0	.01
.1	1.999555229215147	.00018174235490864813	.00011908479146960551	.010191927517967972
.2	1.999107248569358	.00036479143448958087	.0002391604000070896	.010385068794863662
.3	1.998655987702073	.0005491770556780907	.0003602479484593997	.010579452391722834
.4	1.9982010980007137	.0007350419908826867	.0004824475228435395	.010775219314080365
.5	1.9977427951812103	.0009222979412422007	.0006056967343088995	.010972282857646152
.6	1.9972810090645923	.0011109737135795296	.000730015265573145	.01117067194166073
.7	1.9968153190096058	.0013012419712712872	.0008555210916210592	.011370559903313614
.8	1.9963459552004899	.0014930082290820158	.000982149653920115	.011571851888643956
.9	1.995872830212744	.0016863084765087895	.0011099251348631752	.01177458423446612
1	1.9953955092457805	.0018813217051898777	.0012389678041530077	.01197893765978038
1.1	1.9949141604103244	.002077978710034464	.001369231160870447	.012184842291630955
1.2	1.9944287401658807	.002276297415086121	.0015007272487031964	.01239231622703772
1.3	1.9939392049719527	.0024762957443884223	.00163346811133896	.012601377563020554
1.4	1.9934453684124582	.0026780506603767723	.001767504409051534	.012812104690741706
1.5	1.992946936437825	.002881683601301461	.0019029158934243066	.01302462142318188
1.6	1.9924439915883838	.003087160392667494	.0020396805308668326	.013238892650682978
1.7	1.9919364472852148	.0032945167426578865	.0021778219975441	.013454954632674158
1.8	1.9914242169493976	.003503788359455658	.0023173639696210985	.013672843628584577
1.9	1.9909071531608302	.0037150368136001275	.0024583460203110004	.013892621340217747
2	1.9903851287709136	.003928315058624243	.002600802426133827	.014114340992303418
2.1	1.9898580816080196	.004143648427664647	.002744750485931086	.014338028637706012
2.2	1.9893259130250103	.004361077758859879	.0028902170291438697	.014563725582504239
2.3	1.9887885243747474	.004580643890348478	.0030372288852132706	.014791473132776803
2.4	1.9882456651757852	.004802453550156172	.0031858493988060716	.015021378500188028
2.5	1.9876972561069544	.005026539189740606	.003336100751585705	.015253474602137579
2.6	1.9871432414922972	.00525292299950309	.0034879994386860956	.01548778409252406
2.7	1.9865835182846117	.0054816477270300795	.0036415733477368458	.015724350187329032
2.8	1.9860179834366953	.00571275611990803	.00379685036636756	.01596321610253405
2.9	1.9854465339013467	.0059462909257234015	.003953858382207843	.016204425054120668
3	1.9848690666313633	.00618229489206265	.004112625282887299	.01644802025807044
3.1	1.9842854785795434	.006420810766512231	.00427317895603553	.016694044930364922
3.2	1.9836956666986847	.006661881296658602	.004435547289282142	.016942542286985673
3.3	1.9830995279415853	.006905549230088218	.004599758170256738	.017193555543914243
3.4	1.982496746075323	.007151956950953374	.004765884404964149	.017447219424832665
3.5	1.9818873266829435	.0074010964363439465	.004933930992567309	.017703530517345103
3.6	1.9812711916353616	.0076529987878715105	.005103920570431878	.017962521341596975
3.7	1.9806482310906315	.007907709928780473	.005275882457844543	.01822423803014122
3.8	1.9800183352068073	.008165275782315238	.005449845974091992	.018488726715530774
3.9	1.9793813941419434	.008425742271720212	.005625840438460913	.01875603353031857
4	1.978737298054094	.008689155320239799	.0058038951702379955	.01902620460705754
4.1	1.9780859371013133	.008955560851118403	.005984039488709926	.01929928607830063
4.2	1.9774272014416556	.009225004787600433	.006166302713163394	.01957532407660077
4.3	1.9767609812331752	.00949753305293029	.006350714162885084	.019854364734510892
4.4	1.976087244488741	.009773180968483319	.006537262848600378	.020136418258751655
4.5	1.9754058273853385	.010052001808368757	.006726006037760967	.020421555691251467
4.6	1.9747166211933311	.010334041344362515	.006916972473766666	.020709822651292273
4.7	1.9740195181787803	.010619345212651355	.007110190384504093	.021001264298694304
4.8	1.9733144106077483	.010907959049422032	.00730568799785986	.021295925793277784
4.9	1.9726011907462964	.011199928490861313	.007503493541720583	.021593852294862947
5	1.9718797508604866	.011495299173155952	.007703635243972875	.021895088963270012
5.1	1.9711499832163808	.011794116732492713	.007906141332503351	.02219968095831921
5.2	1.9704117800800405	.012096426805058357	.00811104003519863	.02250767343983078
5.3	1.9696649506799222	.012402311660509643	.008318379529354087	.02281914684059097
5.4	1.968908726598097	.012712108407156482	.008528346769193973	.02313442696777065
5.5	1.968143509655994	.013025637882057803	.00874084756423474	.02345334253071455
5.6	1.967369170803572	.013342955125366568	.00895591526346034	.02377594774396199
5.7	1.9665855809907895	.013664115177235734	.009173583215854727	.024102296822052297
5.8	1.9657926111676045	.013989173077818252	.00939388477040185	.024432443979524782
5.9	1.9649901322839753	.014318183867267086	.00961685327608566	.024766443430918772
6	1.9641780152898607	.014651202585735183	.009842522081890107	.025104349390773578
6.1	1.9633561311352188	.014988284273375504	.010070924536799145	.025446216073628528
6.2	1.962524350770008	.015329483970341009	.010302093989796725	.025792097694022943
6.3	1.9616824216353146	.01567491365205806	.010536091822446475	.026142099854521345
6.4	1.9608298735698508	.01602478560456566	.010773028805119215	.02649641869495945
6.5	1.959966879421736	.016379015698627455	.011012869765533242	.0268549828198697
6.6	1.9590932955048996	.016737665721331056	.01125565137458478	.02721785253336695
6.7	1.9582089781332717	.01710079745976407	.01150141030317005	.027585088139566057
6.8	1.957313783620782	.017468472701014107	.011750183222185266	.02795674994258187
6.9	1.9564075682813602	.01784075323216878	.012002006802526652	.028332898246529247
7	1.9554901884289362	.01821770084031569	.012256917715090422	.028713593355523037
7.1	1.9545615003774395	.01859937731254245	.012514952630772798	.029098895573678094
7.2	1.9536213604408004	.018985844435936674	.012776148220470001	.02948886520510928
7.3	1.9526694612886026	.019377242915352675	.013040574637401423	.02988363087960883
7.4	1.951705469216629	.019773726174456403	.013308307430977688	.030283332238702554
7.5	1.9507294542969817	.02017525291508923	.013579339536271356	.03068794033702991
7.6	1.9497412604080857	.02058189092138242	.013853710168535415	.03109752067084546
7.7	1.9487407314283658	.020993707977467236	.014131458543022845	.03151213873640376
7.8	1.9477277112362466	.021410771867474924	.014412623874986628	.031931860029959354
7.9	1.9467020437101532	.021833150375536747	.014697245379679747	.03235675004776681
8	1.94566357272851	.02226091128578396	.014985362272355186	.03278687428608067
8.1	1.944612142169742	.02269412238234782	.015277013768265926	.03322229824115548
8.2	1.943547595912274	.023132851449359587	.015572239082664951	.03366308740924582
8.3	1.9424695171933224	.023577292399211504	.01587113009380729	.03410941641986987
8.4	1.9413776501382243	.024027561288077183	.016173746172227887	.034561392536967585
8.5	1.9402720347435916	.024483630995502187	.01648008690716451	.035018999140009464
8.6	1.9391525004559944	.024945576289412724	.016790194429851104	.035482307768022144
8.7	1.9380188767220028	.025413471937734994	.017104110871521607	.03595138996003227
8.8	1.9368709929881864	.025887392708395213	.017421878363409967	.036426317255066495
8.9	1.9357086787011155	.026367413369319564	.017743539036750116	.03690716119215144
9	1.9345317633073598	.026853608688434255	.018069135022776003	.03739399331031377
9.1	1.9333400762534894	.027346053433665498	.01839870845272157	.03788688514858011
9.2	1.932133446986074	.02784482237293949	.018732301457820757	.03838590824597712
9.3	1.9309112884838737	.028350189046831068	.01907004272454913	.03889130899475784
9.4	1.9296734626432992	.02886221273553704	.01941196764003289	.03940314530994446
9.5	1.9284199757057023	.0293808838259911	.019758081591933624	.03992141450360688
9.6	1.9271506391223	.029906285674980243	.020108430451491396	.04044619567008699
9.7	1.9258652643443084	.030438501639291477	.02046306008994626	.04097756790372667
9.8	1.9245636628229446	.03097761507571181	.02082201637853829	.04151561029886782
9.9	1.9232456460094252	.03152370934102823	.021185345188507527	.0420604019498523
10	1.9219110253549663	.03207686779202774	.021553092391094035	.042612021951022004
10.1	1.920559612310785	.032637173785497346	.021925303857537874	.04317054939671882
10.2	1.9191912183280977	.03320471067822405	.022302025459079104	.043736063381284634
10.3	1.9178050655005199	.03377984182865405	.022683426054193656	.04430889149066786
10.4	1.9164011907714227	.03436254346306937	.023069504458383693	.04488901774466199
10.5	1.914979527830893	.0349528408630131	.02346028103406286	.04547646969787628
10.6	1.9135398673858601	.035550827240807686	.023855805981392218	.046071335191093056
10.7	1.9120820001432544	.03615659580877559	.024256129500532818	.046673702065094635
10.8	1.9106057168100052	.03677023977923924	.024661301791645728	.04728365816066335
10.9	1.9091108080930426	.03739185236452106	.02507137305489199	.0479012913185815
11	1.9075970646992961	.03802152677694352	.025486393490432666	.04852668937963143
11.1	1.9060642773356957	.03865935622882905	.025906413298428816	.04915994018459545
11.2	1.9045122367091714	.0393054339325001	.026331482679041493	.049801131574255884
11.3	1.9029396298800194	.03996037975132208	.026761876904960177	.05045082062014238
11.4	1.9013469134598298	.04062396913342261	.0271975103748665	.05110881204439048
11.5	1.899733938621037	.041296266437485546	.027638420957869538	.05177516798003052
11.6	1.898100465630608	.04197737940153181	.028084665061913903	.05244998920981929
11.7	1.896446254979771	.042667415656566614	.028536299049209374	.053133376421165716
11.8	1.8947710673840155	.0433664827265795	.028993379236230923	.05382543020613085
11.9	1.8930746637830929	.044074688028544286	.029455961893718668	.054526251061427854
12	1.8913568053410157	.04479213887241911	.029924103246677936	.05523593938842206
12.1	1.8896172534460578	.04551894246114644	.03039785947437921	.05595459549313093
12.2	1.8878557697107547	.046255205890653024	.030877286710358165	.056682319586224036
12.3	1.8860721159719032	.04700103614984995	.031362441042415645	.057419211783023116
12.4	1.8842660542905616	.04775654012063255	.03185337851261766	.058165372103502
12.5	1.8824373469520492	.04852182457788054	.032350155117295415	.05892090047228669
12.6	1.8805857564659472	.049296996189457896	.03285282680704528	.059685896718655304
12.7	1.8787110455660982	.05008216151621293	.03336144948672881	.060460460576538096
12.8	1.876812977210606	.05087742701197825	.033876079015472745	.061244691684517474
12.9	1.8748913145818356	.05168289902357074	.03439677120666896	.062038689585827936
13	1.8729453825164093	.05249889657719843	.034923664313315235	.06284274479269969
13.1	1.870973568211015	.05332619362716788	.03545707293423539	.06365755630537674
13.2	1.8689769892666384	.05416423938572054	.03599679813589588	.06448263361759879
13.3	1.8669553690490723	.055013159525137786	.036542903206082555	.06531809362821932
13.4	1.8649084298601377	.05587308023571333	.0370954516291347	.06616405370196667
13.5	1.8628358929376834	.056744128225753296	.03765450708594505	.0670206316694441
13.6	1.860737478455586	.05762643072157614	.03822013345395983	.0678879458271298
13.7	1.85861290552375	.05852011546751273	.03879239480717871	.06876611493737685
13.8	1.8564618921881082	.059425310725906275	.0393713554161548	.06965525822841322
13.9	1.8542841554306215	.06034214527711234	.03995707974799468	.07055549539434175
14	1.8520794111692787	.06127074841949889	.04054963246635838	.07146694659514026
14.1	1.8498473742580963	.06221124996944625	.0411490784314594	.07238973245666143
14.2	1.847587758487119	.06316378026134711	.041755482700064704	.07332397407063282
14.3	1.8453002765824198	.06412847014760656	.04236891052549469	.07426979299465697
14.4	1.842984640206099	.06510545099864198	.04298942735762321	.0752273112522112
14.5	1.8406405599562856	.06609485470288322	.0436170988428776	.07619665133264784
14.6	1.838267745367136	.06709681366677242	.04425199082423864	.07717793619119408
14.7	1.8358659049088353	.06811146081476414	.04489416934124056	.07817128924895202
14.8	1.8334338514643784	.06913937453484509	.045543852617151145	.07917723118025263
14.9	1.8309711155092327	.07018077626552933	.04620113696588738	.0801959643478982
15	1.8284780915892156	.0712354576361773	.046865971904165346	.08122730782936519
15.1	1.8259544507998728	.07230357011691785	.04753842988489346	.08227140159987631
15.2	1.8233998620134262	.07338526627256638	.048218583754517416	.0833283866147877
15.3	1.8208139918787738	.07448069976262468	.04890650675302021	.08439840480958881
15.4	1.81819650482149	.07559002534128104	.04960227251392209	.08548159909990238
15.5	1.8155470630438255	.07671339885741021	.05030595506428061	.08657811338148458
15.6	1.8128653265247068	.07785097725457342	.05101762882469058	.08768809253022487
15.7	1.8101509530197373	.07900291857101835	.051737368609284115	.08881168240214607
15.8	1.8074035980611962	.08016938193967918	.05246524962573062	.08994902983340433
15.9	1.804622914958039	.08135052758817647	.05320134747523673	.09110028264028915
16	1.8018085547958975	.08254651683881734	.05394573815254639	.09226558961922336
16.1	1.79896016643708	.08375751210859536	.05469849804594087	.09344510054676318
16.2	1.7960773965205705	.08498367690919047	.05545970393723861	.09463896617959805
16.3	1.7931598894620298	.08622517584696925	.056229433001795476	.09584733825455095
16.4	1.7902072874537944	.08748217462298455	.05700776280850447	.09707036948857799
16.5	1.7872192304648775	.08875484003297589	.05779477131979599	.0983082135787688
16.6	1.7841950341252626	.0900435074052181	.05859053793026208	.09956123005465628
16.7	1.7811345196341692	.09134824920878132	.059395140790714326	.10082945649077181
16.8	1.7780373704341235	.09266920945855356	.060208658882513165	.10211301763541608
16.9	1.7749032102161848	.09400656316761381	.06103117176604898	.10341207580255038
17	1.7717316601923356	.09536048657666994	.061862759396074204	.104726794448918
17.1	1.7685223390954812	.09673115715405829	.0627035021217031	.106057338174044
17.2	1.7652748631794501	.09811875359574393	.06355348068641187	.10740387272023527
17.3	1.7619888462189939	.09952345582532071	.0644127762280387	.10876656497258073
17.4	1.758663899509787	.10094544499401101	.06528147027878363	.11014558295895094
17.5	1.7552996318684264	.10238490348066602	.0661596447652087	.11154109584999854
17.6	1.751895649632433	.1038420148917655	.06704738200823784	.11295327395915788
17.7	1.74845155666025	.10531696406141786	.06794476472315687	.11438228874264517
17.8	1.744966954331244	.10680993705136034	.06885187601961362	.11582831279945863
17.9	1.7414414415457045	.10832112115095865	.06976879940161777	.11729151987137813
18	1.7378746147248436	.1098507048772074	.07069561876754099	.11877208484296564
18.1	1.7342660678107968	.11139887797472968	.07163241841011683	.1202701837415648
18.2	1.730615392266623	.11296583141577728	.07257928301644076	.12178599373730113
18.3	1.7269223325204164	.1145516879110657	.0735362484491809	.1233196441615374
18.4	1.7231873830621212	.11615623498580943	.07450311268581776	.12487102835742464
18.5	1.7194093104812325	.11778003271887981	.07548022042413158	.1264405845034312
18.6	1.7155877181242258	.11942326724777422	.0764676510261456	.1280284874715617
18.7	1.7117222076320424	.1210861255918174	.07746548400331585	.12963491303285407
18.8	1.7078123789400874	.12276879565216157	.0784737990165312	.1312600378573796
18.9	1.703857830278232	.12447146621178604	.07949267587611314	.13290403951424282
19	1.699858158170811	.12619432693549765	.08052219454181601	.13456709647158163
19.1	1.6958129574366256	.1279375683699304	.08156243512282683	.1362493880965671
19.2	1.691721821188941	.12970138194354558	.08261347787776535	.13795109465540356
19.3	1.687584340835488	.131485959966632	.0836754032146842	.1396723973133289
19.4	1.6834001060784618	.13329149563130555	.08474829169106854	.14141347813461397
19.5	1.679168704914523	.13511818301150963	.08583222401383653	.14317452008256318
19.6	1.6748897236347968	.13696621706301482	.08692728103933887	.14495570701951405
19.7	1.6705627468248738	.13883579362341902	.08803354377335908	.14675722370683741
19.8	1.6661873573648092	.1407271094121476	.08915109337111349	.14857925580493755
19.9	1.6617631364291234	.142640362030453	.09028001113725106	.15042198987325178
20	1.6572896634868017	.14457574996141526	.09142037852585363	.15228561337025098
20.1	1.6527676037741865	.14653297635057555	.0925719750737364	.1541699290710036
20.2	1.6481971390357841	.1485119650668219	.09373471429264203	.15607491147532745
20.3	1.64357669403417	.15051344180234263	.09490899740582776	.15800115834586087
20.4	1.638905888836148	.15253758692956043	.09609489329329254	.15994884392363626
20.5	1.6341843434674734	.15458458094321204	.0972924705221248	.16191814275854685
20.6	1.629411677912853	.15665460446034757	.09850179734650208	.16390922970934627
20.7	1.6245875121159452	.15874783822033084	.09972294170769123	.16592227994364875
20.8	1.6197114659793603	.16086446308483954	.10095597123404854	.16795746893792934
20.9	1.6147831593646602	.16300466003786476	.10220095324101934	.1700149724775234
21	1.609802212092358	.16516861018571155	.1034579547311385	.17209496665662707
21.1	1.6047682439419189	.16735649475699835	.10472704239403	.17419762787829704
21.2	1.5996808746517592	.16956849510265734	.10600828260640707	.17632313285445048
21.3	1.5945397239192471	.17180479269593454	.10730174143207244	.17847165860586536
21.4	1.5893444114007025	.1740655691323894	.10860748462191787	.18064338246218
21.5	1.5840945567113967	.1763510061298953	.10992557761392462	.18283848206189363
21.6	1.5787897794255525	.178661285528639	.11125608553316307	.18505713535236576
21.7	1.5734296990763448	.18099658929112106	.11259907319179295	.18729952058981655
21.8	1.5680139351558995	.18335709950215584	.11395460508906331	.18956581633932704
21.9	1.5625451550482208	.18574156362505428	.11532197742761198	.19185507453429151
22	1.5570216343191807	.18815079657276357	.11670159268753333	.19416797122949261
22.1	1.5514421892500567	.19058535883197117	.11809371678230975	.19650498284966783
22.2	1.5458065165675372	.1930453965430747	.11949839345748339	.19886626057797951
22.3	1.5401143156450188	.19553105470358637	.12091566546845522	.20125195491268158
22.4	1.5343652885026076	.19804247716813222	.1223455745804846	.2036622156671187
22.5	1.528559139807117	.200579806648453	.12378816156868974	.20609719196972714
22.6	1.5226955768720707	.20314318471340356	.12524346621804727	.20855703226403413
22.7	1.5167743096577004	.20573275178895284	.12671152732339253	.21104188430865808
22.8	1.5107950507709462	.2083486471581845	.12819238268941954	.21355189517730888
22.9	1.5047575154654573	.21099100896129602	.1296860691306808	.21608721125878727
23	1.498661421641591	.21365997419559962	.13119262247158758	.21864797825698554
23.1	1.4925064898464142	.21635567871552147	.13271207754640968	.22123434119088692
23.2	1.486292443273702	.21907825723260205	.13424446819927552	.22384644439456586
23.3	1.480019007763938	.22182784331549638	.13578982728417227	.22648443151718828
23.4	1.4736859118043146	.22460456938997336	.13734818666494547	.22914844552301095
23.5	1.4672928865287334	.22740856673891668	.1389195772152996	.2318386286913822
23.6	1.4608400555866177	.2302397783941981	.14050393947262416	.23455497139738793
23.7	1.4543329896359871	.23309553335474412	.14209996530063024	.23729535161348353
23.8	1.4477665495416412	.23597830065353895	.14370880054102142	.24006180168702088
23.9	1.4411405967741775	.23888814953086804	.14533044466388	.2428544147100466
24	1.434454999711806	.24182514603921293	.14696489517267633	.2456732814370114
24.1	1.427709633640351	.24478935304325064	.14861214760426814	.2485184902847694
24.2	1.420904380753251	.24778083021985398	.15027219552890095	.2513901273325785
24.3	1.4140391301515578	.2507996340580917	.15194503055020808	.2542882763221005
24.4	1.4071137778439369	.25384581785922805	.15363064230521034	.2572130186574007
24.5	1.4001282267466675	.2569194317367234	.15532901846431652	.26016443340494844
24.6	1.3930823866836428	.26002052261623343	.15704014473132283	.26314259729361633
24.7	1.38597617438637	.26314913423560976	.15876400484341321	.266147584714681
24.8	1.3788095134939695	.2663053071449	.16050058057115954	.26917946772182283
24.9	1.371582334553176	.2694890787063472	.16224985171852105	.27223831603112564
25	1.3642945750183368	.2727004830943903	.16401179612284497	.2753241970210774
25.1	1.3569461792514148	.27593955129566405	.165786389654866	.2784371757325695
25.2	1.3495370985219854	.27920631110899863	.16757360621870657	.2815773148688969
25.3	1.3420672910072378	.2825007871454205	.16937341775187695	.28474467479575877
25.4	1.3345401590134274	.2858213593113831	.17118505631939968	.28793790314284684
25.5	1.3269593407673166	.2891662949556534	.17300770285498543	.2911555512311739
25.6	1.3193197885759635	.2925380096801206	.1748424025099286	.294399734980418
25.7	1.311621670140945	.29593642847735413	.17668908030613273	.29767043076917915
25.8	1.303865166473492	.2993614700946914	.17854765792449317	.30096761001150596
25.9	1.2960504718944903	.30281304703423706	.18041805370489677	.3042912391568946
26	1.2881777940344799	.3062910655528642	.18230018264622233	.30764127969029015
26.1	1.2802473538336554	.3097954256622129	.18419395640634012	.3110176881320852
26.2	1.272259385541866	.3133260211286915	.1860992833021121	.3144204160381207
26.3	1.2642141367186146	.3168827394734761	.18801606830939213	.3178494099996861
26.4	1.2561118682330594	.32046546197251025	.18994421306302553	.3213046116435185
26.5	1.2479528542640124	.3240740636565056	.19188361585684952	.32478595763180357
26.6	1.2397373822999402	.3277084133109413	.19383417164369282	.328293379662175
26.7	1.2314657531389643	.3313683734760643	.1957957720353759	.33182680446771445
26.8	1.2231382808888596	.3350538004468896	.19776830530271106	.33538615381695225
26.9	1.2147552929670564	.3387645442731994	.19975165637550202	.3389713445138663
27	1.206317130100639	.3425004487595443	.20174570684254453	.34258228839788324
27.1	1.1978241463263457	.3462613514652421	.20375033495162578	.3462188923438775
27.2	1.1892850166358255	.35004318220504543	.2057637520291122	.34987740150816105
27.3	1.1806978400834138	.3538468375508972	.20778628652450035	.35355871712303305
27.4	1.1720597229442316	.35767368031658875	.20981846501248014	.35726417830368956
27.5	1.1633713086346729	.3615234121821654	.21186010509028913	.36099356812522826
27.6	1.154633262103137	.3653957247209973	.21391101936765608	.36474666107898507
27.7	1.1458462698300271	.36929029939978025	.21597101546680111	.3685232230725341
27.8	1.1370110398277498	.37320680757853597	.2180398960224361	.37232301142968854
27.9	1.1281283016407175	.37714491051061116	.22011745868176397	.3761457748904993
28	1.1191988063453449	.38110425934267866	.22220349610447945	.37999125361125635
28.1	1.1102233265500525	.3850844951147362	.22429779596276844	.38385917916448764
28.2	1.1012026563952646	.38908524876010736	.22640014094130828	.3877492745389596
28.3	1.092137611553409	.3931061411054414	.22851030873726794	.3916612541396774
28.4	1.0830290292289189	.39714678287071264	.2306280720603076	.39559482378788424
28.5	1.0738777681582303	.40120677466922156	.23275319863257907	.3995496807210623
28.6	1.0646847086097846	.4052857070075936	.23488545118872547	.4035255135929316
28.7	1.0554507523840273	.4093831602857798	.23702458747588126	.4075220024734508
28.8	1.0461768228134072	.4134987047970572	.23917036025367264	.4115388188488172
28.9	1.0368638647623785	.4176319007280277	.2413225172942169	.41557562562146627
29	1.0275247006821582	.42177687628765037	.24347878473736592	.41962618705802934
29.1	1.0181510485392644	.4259374106787169	.2456404771458922	.4236947541823948
29.2	1.0087440102941265	.43011299146681536	.24780731159569122	.42778091819201275
29.3	.9993048444396221	.43430303437405016	.24997897721237308	.4318841946327603
29.4	.9898348388381913	.4385069414316715	.25215515680091705	.43600408657307754
29.5	.9803353107218351	.44272410098007653	.25433552684567184	.44014008460396914
29.6	.9708076066921165	.44695388766880834	.25651975751035544	.4442916668390029
29.7	.9612531027201602	.4511956624565563	.2587075126380551	.44845829891431044
29.8	.9516732041466514	.45544877261115674	.2608984497512275	.45263943398858747
29.9	.9420693456818382	.45971255170959163	.2630922200516984	.456834512743093
30	.9324429914055286	.46398631963799003	.26528846842066334	.46104296338165035
30.1	.9227956347670934	.4682693825916268	.2674868334186867	.46526420163064597
30.2	.9131287985854647	.47256103307492325	.2696869472857023	.46949763073903034
30.3	.9034440350491353	.47686054990144755	.2718884359410135	.47374264147831785
30.4	.8937429257161607	.48116719819391357	.2740909189832927	.47799861214258627
30.5	.8840270815141564	.4854802293841821	.27629400969058177	.48226490854847753
30.6	.8742981427403009	.48979888121326004	.27849731502029196	.486540884035197
30.7	.8645589571175194	.49412191945946127	.2807004532345074	.49082489625164677
30.8	.8548133945252787	.49844771000938326	.2829030511281093	.4951144617832327
30.9	.845060733576604	.5027764025174866	.28510466004442336	.4994109411488731
31	.8353028111027676	.5071071492081031	.2873048628411199	.5037135717975355
31.1	.8255414960946964	.5114390875293454	.2895032360969818	.5080215763721231
31.2	.8157786897029705	.5157713401531084	.29169935011190495	.5123341627094751
31.3	.8060163252378226	.520103014975069	.2938927689068981	.5166505238403671
31.4	.7962563681691404	.5244332051146846	.29608305022408266	.5209698379895102
31.5	.7865008161264633	.5287609889151959	.29826974552669316	.5252912685755522
31.6	.7767516988989855	.5330854299436237	.3004523999990768	.529613964211076
31.7	.7670110784355546	.5374055769907715	.3026305525466935	.533937058702601
31.8	.7572810488446707	.5417204640712245	.3048037357961164	.5382596710505827
31.9	.7475637363944886	.5460291104233489	.30697147609503106	.5425809054494122
32	.7378612995128153	.5503305205092933	.30913329351223623	.5468998512874172
32.1	.7281759287871123	.5546236840149875	.31128870183764323	.5512155831468608
32.2	.7185098469644942	.5589075758501433	.3134372085822764	.5555271608039425
32.3	.7088653089517295	.5631811561482537	.31557831497827277	.5598336292287971
32.4	.6992446018152387	.5674433702665944	.3177115159788825	.5641340185854968
32.5	.6896426300818547	.5716969192017204	.31983855049203136	.5684292029656227
32.6	.6800622331010604	.5759404706262071	.3219587528245968	.5727180605972607
32.7	.6705099602994342	.580170807195088	.324070334819947	.5769985329137709
32.8	.6609879883772223	.5843869366960198	.3261728388496221	.5812696507692294
32.9	.6514985178497767	.5885878563836892	.3282658035387013	.5855304323034792
33	.6420437730475599	.592772552979811	.330348763765802	.5897798829421274
33.1	.6326260021161413	.5969400026731294	.33242125066308065	.5940169953965472
33.2	.6232474770161988	.6010891711194178	.3344827916162321	.5982407496638771
33.3	.6139104935235189	.6052190134414783	.33653291026449	.6024501130270211
33.4	.6046173712289943	.609328474229143	.3385711265006271	.6066440400546494
33.5	.5953704535386276	.613416487539272	.3405969564709542	.6108214726011968
33.6	.586172107673529	.6174819768957551	.3426099125753213	.6149813398068641
33.7	.5770247246699168	.6215238552895108	.3446095034671168	.6191225580976172
33.8	.5679307193791179	.6255410251784869	.34659523405326775	.6232440311851877
33.9	.5588925304675654	.6295323784876605	.34856660549424034	.6273446500670732
34	.5499126204168024	.6334967966090377	.35052311520403906	.6314232930265361
34.1	.5409934755234798	.6374331504016532	.3524642568502072	.6354788256326047
34.2	.5321376058993559	.6413403001915712	.35438952035382676	.6395101007400726
34.3	.5233166693228417	.6452318777222386	.35630549294079994	.643527949351925
34.4	.5145544179940125	.6490965754108882	.3582067826316485	.6475229679510566
34.5	.5058555375066195	.6529322146775062	.36009238421117845	.6514931541394099
34.6	.4972219871903233	.6567379230090149	.36196192119472365	.6554375608077624
34.7	.4886557278737656	.6605128280432073	.36381501848353154	.659355236799205
34.8	.48015872188457	.6642560575687466	.3656513023647626	.663245226909141
34.9	.4717329330493392	.6679667395251679	.3674704005114913	.6671065718852877
35	.46338032669365903	.6716440020028761	.36927194198270485	.6709383084276747
35.1	.45510286964209556	.675286973243147	.3710555572233041	.6747394691886447
35.2	.44690253021819626	.6788947816381272	.37282087806410313	.6785090827728538
35.3	.43878127824449	.682466555730834	.37456753772182944	.6822461737372707
35.4	.4307410850424852	.6860014242151559	.3762951707991241	.6859497625911778
35.5	.4227839234326731	.6894985159358514	.37800341328454135	.6896188657961699
35.6	.4149117677345255	.6929569598885502	.3796919025525487	.6932524957661552
35.7	.4071265937664951	.6963758852197528	.3813602773635272	.6968496608673549
35.8	.3994303788460166	.6997544212268297	.383008177863771	.7004093654183028
35.9	.39182510178950386	.7030916973580236	.3846352455854882	.7039306096898467
36	.38430359756335	.7063910500579998	.3862429313895553	.7074165639860717
36.1	.37683887175520503	.7096649380935479	.3878366078861848	.7108794456874392
36.2	.36946156542931496	.7128993088470802	.3894102554185904	.7143051630741227
36.3	.36217282796793315	.716093676666792	.3909636862186892	.7176930815296348
36.4	.3549737806870018	.7192475696517352	.39249671974907024	.7210425758838643
36.5	.34786551683615485	.7223605296518171	.39400918270299373	.7243530304130761
36.6	.3408491015987162	.7254321122678015	.39550090900439155	.7276238388399107
36.7	.33392557209169965	.7284618868513079	.39697173980786715	.7308544043333854
36.8	.3270959373658101	.7314494365048121	.3984215234986953	.7340441395088934
36.9	.3203611784054412	.7343943580816462	.39985011569282286	.7371924664282042
37	.3137222481286781	.737296262185998	.4012573792368677	.7402988165994633
37.1	.3071800713872961	.7401547731729115	.40264318420811945	.7433626309771924
37.2	.30073554496676036	.7429695291482867	.40400740791453926	.7463833599622891
37.3	.2943895375862271	.7457401819688797	.4053499348947596	.7493604634020276
37.4	.28814288989854137	.748466397242303	.40667065691808507	.7522934105900579
37.5	.2819964144902397	.7511478543270247	.40796947298449127	.7551816802664065
37.6	.27595089588154864	.7537842463323691	.4092462893246254	.7580247606174758
37.7	.27000709052638483	.7563752801185167	.41050101939980654	.7608221492760441
37.8	.26414861813816076	.7589280292674093	.4117363777727364	.7635826357647012
37.9	.25837268263368135	.7614437308266654	.4129528633338794	.7663076336102623
38	.25269324480783845	.7639164217565402	.4141482411991942	.7689894589845889
38.1	.2471103129949463	.7663461371983091	.4153225575886032	.771627992293664
38.2	.24162384520283858	.7687329356110865	.4164758695878181	.7742231354672751
38.3	.23623374911286849	.7710768987718251	.41760824514833933	.7767748119590129
38.4	.23093988207990734	.7733781317753171	.4187197630874565	.7792829667462734
38.5	.22574205113234697	.775636763034193	.419810513088248	.7817475663302554
38.6	.22064001297209798	.7778529442789222	.42088059569958136	.7841685987359623
38.7	.21563347397459032	.7800268505578123	.42193012233611293	.7865460735122014
38.8	.21072209018877347	.7821586802370104	.42295921527828806	.7888800217315838
38.9	.20590546733711523	.7842486550005022	.4239680076723413	.7911704959905248
39	.2011831608156036	.7862970198501119	.4249566435302959	.7934175704092438
39.1	.1965546756937456	.7883040431055026	.4259252777299642	.7956213406317639
39.2	.19201946671456746	.7902700164041762	.42687407601494753	.7977819238259124
39.3	.18757693829461497	.7921952547014729	.42780321499463614	.7998994586833204
39.4	.18322644452395231	.7940800962705725	.42871288214420933	.8019741054194234
39.5	.17896728916616378	.7959249027024929	.4296032758046353	.8040060457734606
39.6	.17479480446707704	.797730642223483	.43047421062700125	.8060004595812158
39.7	.17071044167381202	.7994973886268921	.43132613289444593	.8079547184112097
39.8	.16671397364722335	.8012254812144884	.43215933593827777	.8098682816048669
39.9	.1628044127285283	.8029153882543899	.43297405249498033	.8117415313677623
40	.1589807178112468	.8045676017968657	.43377052585276477	.8135748753905617
40.1	.15524179434120033	.8061826376743374	.4345490098515701	.8153687468490224
40.2	.15158649431651217	.8077610355013781	.4353097688830629	.8171236044039931
40.3	.14801361628760767	.8093033586747128	.4360530778906378	.818839932201414
40.4	.14452190535721327	.8108101943732186	.43677922236941713	.8205182398723169
40.5	.141110053180358	.812282153557924	.437488498366251	.8221590625328244
40.6	.13777669796437242	.8137198709720096	.43818121247971714	.8237629607841513
40.7	.13452042446888893	.8151240051408079	.43885768186012125	.8253305207126033
40.8	.13133976400584202	.8164952383718029	.4395182342094967	.8268623538895773
40.9	.1282331944394673	.817834276754631	.4401632077816047	.8283590973715623
41	.1251991401863028	.8191418501610801	.4407929513819342	.8298214137001383
41.1	.1222359722151883	.8204187122450898	.4414078243677019	.8312499909019766
41.2	.11934200804726529	.8216656404427516	.4420081966478523	.8326455424888403
41.3	.11651748011646959	.8228823693914611	.4425940176717774	.8340081797664342
41.4	.1137723067500107	.8240633801265691	.44316311482015674	.8353349337437875
41.5	.11109412707031058	.8252152207711315	.44371819279246205	.8366299484942861
41.6	.10848132469627307	.8263386122287192	.44425960241743984	.8378939502163015
41.7	.10593223973136148	.8274342938031366	.44478770290070097	.839127687425996
41.8	.10344516876359863	.8285030231984214	.4453028618247206	.8403319309573216
41.9	.1010183648655662	.8295455765188449	.44580545514883874	.8415074739620216
42	.0986500375944058	.8305627482689115	.44629586720925946	.8426551319096293
42.1	.09633835299181827	.831555351353359	.4467744907190514	.843775742587468
42.2	.09408143358406379	.8325242170771586	.44724172676814766	.844870166100652
42.3	.09187735838196212	.833470195145515	.44769798482334583	.8459392848720858
42.4	.08972416288089191	.8343941536638662	.44814368272830796	.8469840036424643
42.5	.0876198390607917	.8352969791378834	.4485792467035604	.8480052494702728
42.6	.08556233538615923	.8361795764734712	.4490051113464941	.849003971731787
42.7	.08354955680605165	.8370428689767679	.4494217196313645	.849981142121073
42.8	.08157936475408561	.8378877983541447	.44982952290929124	.8509377546499872
42.9	.07964957714843675	.8387153247122066	.4502289809082587	.8518748256481768
43	.0777579683918405	.8395264265577915	.4506205617331155	.852793393763079
43.1	.07591625191485252	.8403159496774737	.45100177855527346	.8536880291433028
43.2	.07413252412144536	.8410803302966537	.451370910254646	.8545549831097977
43.3	.07239114550420013	.8418264456643499	.4517312652003849	.855401527514898
43.4	.0706912064008838	.8425546924174623	.4520830292308515	.8562280986078995
43.5	.0690318332265454	.8432654505791483	.45242637969324323	.8570351180082634
43.6	.06741218847351549	.8439590835588235	.45276148544359396	.8578229927056161
43.7	.06583147071140638	.8446359381521619	.4530885068467737	.8585921150597499
43.8	.06428891458711215	.8452963445410946	.45340759577648876	.8593428628006218
43.9	.06278379082480824	.8459406162938117	.45371889561528167	.860075599028355
44	.06131540622595213	.8465690503647604	.45402254125453134	.8607906722132377
44.1	.059883103669282844	.8471819270946462	.45431865909445274	.8614884161957236
44.2	.05848604586205818	.8477796097387289	.45460742975391344	.8621692222006333
44.3	.0571200357549227	.84836400786798	.45489001011593444	.8628345976884556
44.4	.05578709124927067	.8489341706187487	.45516575676550297	.8634839778288791
44.5	.05448652857499118	.8494903905600254	.45543481171415423	.8641176948746845
44.6	.05321769067636858	.8500329479563183	.455697311197396	.8647360695668045
44.7	.05197994721208254	.8505621107676538	.4559533856747089	.8653394111343242
44.8	.0507726945552082	.8510781346495757	.4562031598295459	.8659280172944808
44.9	.04959535579321575	.8515812629531462	.45644675256933287	.8665021742526637
45	.048447380727971015	.8520717267249449	.4566842770254681	.8670621567024148
45.1	.04732824587573505	.8525497447070697	.4569158405533227	.8676082278254277
45.2	.04623745446716429	.853015523337136	.45714154473224017	.8681406392915486
45.3	.04517453644731055	.8534692567482773	.4573614853655368	.8686596312587755
45.4	.04413605502734309	.853912570596653	.45757641750400363	.8691666118362796
45.5	.04312196392492329	.8543454557787948	.4577863431234389	.8696616522374059
45.6	.04213289276444882	.8547675777623315	.4579911141992531	.8701445563722403
45.7	.041168271067037195	.8551791814403951	.45819084948024735	.8706156000233816
45.8	.040227544303568855	.8555805045937324	.4583856643306629	.8710750517030053
45.9	.03931017389468696	.8559717778907044	.4585756707301809	.8715231726528643
46	.03841563721079774	.8563532248872868	.4587609772739223	.8719602168442883
46.1	.03754342757207026	.8567250620270694	.458941689172448	.8723864309781842
46.2	.03669305424843649	.8570874986412567	.4591179082517587	.872802054485036
46.3	.03586404245959133	.8574407369486673	.4592897329532951	.8732073195249044
46.4	.03505593337499239	.8577849720557345	.4594572583339378	.8736024509874275
46.5	.03426776561051158	.8581206427088596	.45962068275859885	.8739878812363583
46.6	.03349799154779019	.8584484717630391	.45978032511921346	.8743642847669323
46.7	.03274718733242496	.8587681556051339	.45993606719759	.8747314558267951
46.8	.03201487116377239	.8590799028542889	.46008800836688357	.8750896261604046
46.9	.03130057259273051	.8593839172410003	.4602362455618665	.8754390221462056
47	.030603832521739194	.8596803976071147	.46038087327892846	.8757798647966296
47.1	.029924203204779936	.8599695379058299	.46052198357607627	.8761123697580954
47.2	.029261248247375915	.8602515272016942	.4606596660729342	.8764367473110082
47.3	.02861454260659204	.8605265496706072	.4607940079507436	.8767532023697604
47.4	.027983672591034757	.860794784599819	.46092509395236325	.8770619344827315
47.5	.027368235860852335	.8610564063879307	.46105300638226904	.8773631378322875
47.6	.02676784142773468	.8613115845448944	.4611778251065543	.8776570012347814
47.7	.02618183100342787	.8615606010701348	.46129969246944724	.8779438366163497
47.8	.025609992763277887	.861803549789432	.4614186470101719	.8782237499231906
47.9	.0250519810954386	.862040580777621	.4615347586420618	.8784969086535409
48	.02450743632463702	.8622718499265952	.46164810076090934	.8787634866575171
48.1	.023976009403843052	.8624975085442784	.46175874449262855	.8790236527527088
48.2	.02345736191426956	.862717703354625	.4618667586932553	.8792775707241786
48.3	.02295116606537237	.8629325764976199	.4619722099489471	.8795253993244618
48.4	.02245710469485015	.8631422655292784	.4620751625759836	.879767292273567
48.5	.021974871268644627	.8633469034216468	.46217567862076586	.8800033982589756
48.6	.021504169880940418	.8635466185628015	.46227381785981697	.8802338609356418
48.7	.021044715254165097	.8637415347568496	.4623696377997818	.8804588189259931
48.8	.020595837692560102	.86393192334396	.4624632958403319	.8806785935045878
48.9	.02015715299272128	.8641179452387546	.46255487602868905	.8808933703268402
49	.0197287100722991	.864299594083111	.46264435088138633	.881103129291335
49.1	.019310249451226016	.8644769817818619	.4627317731483404	.881307996831829
49.2	.01890152224967789	.8646502156666531	.4628171933168308	.8815080943628547
49.3	.018502290188074037	.8648193984959421	.4629006596114995	.8817035382797198
49.4	.018112325587077094	.8649846284549991	.46298221799435163	.8818944399585077
49.5	.017731411367593205	.8651459991559062	.4630619121647547	.8820809057560767
49.6	.017359341050771897	.865303599637558	.4631397835594392	.8822630370100609
49.7	.016995918758006115	.8654575143656614	.4632158713524982	.8824409300388698
49.8	.016640959210932234	.8656078232327357	.4632902124553877	.882614676141688
49.9	.016294287731429977	.8657546015581121	.4633628415169263	.8827843615984756
50	.01595574024162256	.8658979200879346	.4634337909232954	.8829500676699683
50.1	.015625163263876578	.8660378449951592	.4635030907980391	.883111870597677
50.2	.015302413920802053	.8661744378795543	.46357076900206434	.883269841603888
50.3	.014987359935252433	.8663077557677004	.4636368511336408	.883424046891663
50.4	.014679879630324523	.8664378511129904	.4637013605284007	.8835745476448392
50.5	.014379861929358601	.8665647717956297	.4637643182593393	.883721400028029
50.6	.014087206355938346	.8666885611226357	.46382574313681446	.8838646551866204
50.7	.013798887336525718	.8668105073745066	.4638863176062869	.8840057195840515
50.8	.013515843501465867	.8669302114514915	.4639458250634112	.8841441626519911
50.9	.013239035159765532	.8670472649652474	.4640040441283115	.8842795436693889
51	.012968332039757224	.8671617236595546	.46406100093690655	.8844119271588691
51.1	.012703612304158785	.8672736396268788	.46411671985375486	.8845413736274423
51.2	.012444762550073383	.8673830613083714	.4641712234720543	.8846679395665055
51.3	.012191677808989557	.8674900334938692	.4642245326136424	.8847916774518412
51.4	.011944261546781132	.8675945973218946	.4642766663289961	.8849126357436186
51.5	.011702425663707322	.8676967902796553	.4643276418972321	.8850308588863927
51.6	.011466090494412669	.8677966462030449	.4643774748261064	.8851463873091051
51.7	.011235184807927052	.8678941952766418	.46442617885201476	.885259257425083
51.8	.01100964580766571	.8679894640337107	.4644737659399923	.8853695016320403
51.9	.010789419131429178	.8680824753562013	.4645202462837138	.8854771483120766
52	.01057445885140337	.8681732484747489	.46456562830549347	.8855822218316779
52.1	.010364727474159537	.8682617989686743	.46460991865628526	.8856847425417164
52.2	.010160195940654263	.8683481387659839	.46465312221568245	.8857847267774501
52.3	.009960843626229489	.8684322761433695	.464695242091918	.8858821868585236
52.4	.009766658340612456	.8685142157262082	.4647362796218643	.8859771310889675
52.5	.009577636327915785	.8685939584885632	.46477623437103344	.8860695637571984
52.6	.009390820958832435	.86867278072473	.46481574894683353	.8861608685000222
52.7	.009207975181341704	.8687499203625831	.4648544383522695	.886250224145626
52.8	.009029310004063358	.8688252855949908	.46489225558429953	.886337534429415
52.9	.008854734989870884	.868898914798926	.464929219343715	.8864228438305386
53	.008684162346221642	.8689708452006285	.46496534782065346	.8865061955172174
53.1	.00851750692515682	.869041112875605	.46500065869459867	.8865876313467423
53.2	.008354686223301435	.8691097527486294	.46503516913438087	.8866671918654747
53.3	.00819562038186436	.8691767985937423	.4650688957981765	.8867449163088468
53.4	.008040232186638265	.8692422830342513	.4651018548335083	.886820842601361
53.5	.007888447067999696	.8693062375427312	.4651340618772453	.8868950073565902
53.6	.007740193100909019	.8693686924410233	.46516553205560296	.8869674458771784
53.7	.007595401004910439	.8694296769002363	.46519627998414287	.8870381921548396
53.8	.007453918695171331	.8694892566760972	.46522633681118025	.8871073197639607
53.9	.00731514220488526	.8695476970983291	.46525582383295433	.8871751184923341
54	.0071794393554508425	.8696048343597297	.46528466853241346	.8872414130104338
54.1	.007046727687278618	.8696607035200767	.4653128882211018	.8873062434359494
54.2	.006916926216216676	.8697153390047251	.46534049993310456	.8873696491351637
54.3	.006789955433550666	.8697687746046064	.46536752042504775	.8874316687229523
54.4	.006665737306003761	.8698210434762291	.46539396617609835	.8874923400627838
54.5	.006544195275736712	.8698721781416787	.4654198533879641	.8875517002667194
54.6	.006425254260347811	.8699222104886175	.46544519798489387	.8876097856954134
54.7	.006308840652872901	.8699711717702845	.4654700156136773	.8876666319581131
54.8	.006194882321785384	.8700190926054958	.4654943216436448	.8877222739126585
54.9	.006083308610996185	.8700660029786443	.46551813116666796	.8877767456654824
55	.00597405033985381	.8701119322397	.46554145899715915	.8878300805716108
55.1	.00586710012900908	.870156885140056	.46556430204879695	.8878822862500793
55.2	.005762459055428258	.8702008630235636	.4655866549184449	.887933366677313
55.3	.0056599851016329635	.8702439240293255	.4656085541593772	.8879833849534481
55.4	.005559620980613131	.8702860925893695	.4656300117257307	.8880323689462779
55.5	.005461311165884912	.8703273923880505	.46565103921089923	.8880803456541162
55.6	.005365001891490652	.87036784636205	.4656716478475329	.8881273412057976
55.7	.005270641151998896	.8704074767003765	.4656918485075387	.8881733808606769
55.8	.005178178702504397	.8704463048443652	.4657116517020801	.8882184890086292
55.9	.00508756605862809	.8704843514876783	.4657310675815773	.8882626891700505
56	.004998756496517126	.8705216365763044	.4657501059357071	.888306003995857
56.1	.004911705052844852	.8705581793085593	.46576877619340296	.8883484552674854
56.2	.0048263685248108165	.8705939981350855	.4657870874228549	.8883900638968929
56.3	.00474270547014077	.8706291107588523	.4658050483315096	.8884308499265572
56.4	.0046607045803021665	.8706635204991389	.4658226587325417	.8884708242579167
56.5	.004580326682119702	.8706972441652504	.46583992698844867	.8885100055594684
56.6	.0045015228857658435	.8707303033346899	.46585686455286107	.8885484149761375
56.7	.004424260474828201	.8707627119105292	.4658734781838453	.8885860685816228
56.8	.0043485085726065725	.8707944830101106	.4658897742549084	.8886229815570588
56.9	.004274238142112916	.8708256289650469	.4659057587549982	.8886591681910153
57	.004201421986071386	.8708561613212211	.46592143728850305	.8886946418794982
57.1	.004130034746918314	.8708860908387872	.4659368150752521	.8887294151259487
57.2	.004060052906802206	.8709154274921691	.4659518969505149	.8887634995412437
57.3	.003991454787583755	.8709441804700613	.465966687365002	.8887969058436955
57.4	.003924220550835819	.870972358175429	.4659811903848644	.8888296438590525
57.5	.0038583321978434473	.8709999682255075	.46599540969169373	.8888617225204982
57.6	.0037937735696038665	.8710270174518029	.46600934858252235	.8888931498686521
57.7	.0037299038248065786	.8710537789793223	.4660231419109627	.8889242363871018
57.8	.0036670974164653026	.8710800931231374	.46603671071964076	.8889548009948994
57.9	.003605410035086151	.8711059360816797	.46605004318319987	.8889848169406027
58	.003544821239231136	.8711313165060847	.46606314351200784	.889014294330792
58.1	.003485312450060352	.8711562422520016	.4660760155270533	.889043242368403
58.2	.0034268669513319817	.8711807203795945	.46608866265994603	.8890716693527267
58.3	.003369469889402299	.8712047571535416	.46610108795291677	.8890995826794089
58.4	.0033131082732256534	.8712283580430359	.4661132940588174	.889126988840451
58.5	.0032577709743544948	.8712515277217846	.46612528324112085	.8891538934242096
58.6	.003203448726939355	.8712742700680096	.46613705737392097	.8891803011153964
58.7	.003150134127728854	.8712965881644469	.4661486179419328	.8892062156950781
58.8	.0030978216360697045	.8713184842983471	.4661599660404923	.8892316400406772
58.9	.003046507573906693	.8713399599614756	.4661711023755566	.889256576125971
59	.002996190125782706	.8713610158501116	.4661820272637038	.889281025021092
59.1	.002946869338838715	.8713816518650492	.466192740632133	.8893049868925281
59.2	.002898547122813777	.871401867111597	.4662032420186645	.8893284610031226
59.3	.002851227250045041	.8714216598995776	.4662135305717395	.8893514457120735
59.4	.002804915355467733	.8714410277433285	.4662236050504202	.8893739384749343
59.5	.0027596189366151775	.8714599673617016	.4662334638243901	.889395935843614
59.6	.002715347353618782	.8714784746780629	.4662431048739536	.8894174334663764
59.7	.0026721118292080425	.8714965448202933	.46625252579003595	.8894384260878405
59.8	.0026299254487105444	.8715141721207877	.4662617237741838	.889458907548981
59.9	.002587717035761951	.8715318141027234	.46627092486230687	.8894793946728342
60	.0025462943545213625	.8715491256165221	.4662799585484601	.8894994979812192
60.1	.0025056704211194256	.8715661010247575	.4662888220599467	.8895192113327928
60.2	.0024658334270138884	.8715827452951717	.46629751786697066	.889538540555016
60.3	.0024267719516474174	.8715990632299679	.4663060483615706	.8895574912829767
60.4	.0023884749624475837	.8716150594658105	.4663144158576193	.8895760689593882
60.5	.002350931814826882	.8716307384738247	.4663226225908241	.8895942788345909
60.6	.0023141322521827183	.8716461045595966	.4663306707187265	.8896121259665509
60.7	.0022780664058974134	.8716611618631734	.46633856232070264	.8896296152208608
60.8	.002242724795338204	.8716759143590636	.4663462993979627	.8896467512707397
60.9	.0022080983278572343	.8716903658562364	.4663538838735515	.8896635385970323
61	.0021741782987915706	.871704519998122	.46636131759234806	.8896799814882104
61.1	.0021409563914631903	.8717183802626118	.4663686023210659	.8896960840403715
61.2	.0021084246771789854	.8717319499620582	.4663757397482529	.8897118501572395
61.3	.0020763686208853933	.8717453206235088	.4663827747670585	.8897273839919563
61.4	.002044873908051641	.8717584555891783	.4663896894971213	.8897426440147586
61.5	.00201397402329327	.8717713404895628	.4663964769763037	.8897576140216809
61.6	.0019836548147078013	.8717839812946089	.46640314020628404	.8897723009197599
61.7	.0019539021815715473	.8717963839525298	.46640968218100165	.8897867115870907
61.8	.0019247020743396147	.8718085543898056	.4664161058866568	.8898008528728256
61.9	.001896040494645897	.8718204985111838	.4664224143017105	.8898147315971752
62	.0018679034953030867	.871832222199678	.46642861039688494	.8898283545514077
62.1	.0018402771803026658	.8718437313165694	.46643469713516306	.8898417284978493
62.2	.0018131477048149095	.8718550317014057	.46644067747178897	.8898548601698839
62.3	.0017865012751888867	.8718661291720016	.4664465543542674	.8898677562719534
62.4	.0017603241489524538	.8718770295244386	.4664523307223643	.8898804234795572
62.5	.0017346026348122646	.8718877385330651	.4664580095081064	.8898928684392531
62.6	.001709323092653764	.8718982619504967	.4664635936357814	.8899050977686562
62.7	.0016845150080173486	.8719085879521501	.4664690756776105	.8899170978235287
62.8	.0016601639761927719	.8719187226005106	.4664744587506019	.889928875570826
62.9	.0016362344314881658	.8719286805815741	.4664797510581212	.8899404479123221
63	.001612715077815661	.8719384666891242	.46648495497974457	.8899518203449879
63.1	.0015895947617538347	.8719480856579247	.4664900728653384	.8899629982938784
63.2	.0015668624725477115	.8719575421637191	.4664951070350592	.8899739871121332
63.3	.0015445073421087652	.8719668408232314	.4665000597793538	.8899847920809761
63.4	.001522518645014913	.8719759861941657	.46650493335895915	.8899954184097154
63.5	.0015008857985105244	.871984982775206	.4665097300049023	.8900058712357435
63.6	.0014795983625064146	.8719938350060166	.4665144519185007	.8900161556245371
63.7	.0014586460395798473	.8720025472672418	.4665191012713618	.8900262765696575
63.8	.001438018674974535	.8720111238805062	.4665236802053834	.8900362389927501
63.9	.001417706256600633	.8720195691084142	.4665281908327533	.8900460477435447
64	.00139769891503475	.8720278871545506	.4665326352359497	.8900557075998553
64.1	.00137803249892834	.8720360622736465	.4665370059190943	.8900652017516766
64.2	.0013587324188468522	.8720440832790216	.46654129757340584	.8900745183122029
64.3	.0013397391023118126	.8720519760751915	.46654552269534705	.8900836855101015
64.4	.0013210465221890817	.8720597432018725	.46654968256310875	.8900927062910081
64.5	.0013026489350183275	.8720673870782237	.466553778395629	.8901015834620738
64.6	.0012845408810130082	.8720749100028461	.4665578113525932	.8901103196919653
64.7	.0012667171840603797	.8720823141537831	.46656178253443414	.8901189175108648
64.8	.0012491729517215033	.8720896015885203	.4665656929823317	.89012737931047
64.9	.0012319035752312271	.8720967742439858	.4665695436782133	.8901357073439943
65	.0012149047294982083	.8721038339365496	.46657333554475344	.8901439037261663
65.1	.001198172373104893	.872110782362024	.4665770694453741	.8901519704332302
65.2	.0011817027483075257	.872117621095664	.4665807461842444	.8901599093029461
65.3	.0011654923810361555	.8721243515921664	.46658436650628093	.890167722034589
65.4	.0011495380808946199	.8721309751856704	.46658793109714747	.89017541018895
65.5	.001133829825808308	.8721374960332609	.4665914421141733	.8901829787095764
65.6	.0011183456891266028	.8721439232135416	.4665949042778228	.8901904384332447
65.7	.0011031014718183116	.8721502501946192	.4665983141929789	.8901977815280104
65.8	.0010880942182206622	.8721564782007013	.46660167250192786	.890205009446099
65.9	.001073321217249856	.8721626083516106	.46660497979611454	.8902121235205985
66	.0010587800024010876	.872168641662785	.46660823661614276	.89021912496546
66.1	.0010444683517485274	.8721745790452772	.46661144345177513	.8902260148754969
66.2	.0010303842879453308	.8721804213057556	.46661460074193306	.8902327942263859
66.3	.001016526078223642	.8721861691465033	.4666177088746969	.890239463874666
66.4	.0010028922343945806	.8721918231654187	.46662076818730563	.8902460245577389
66.5	.000989481512848258	.8721973838560154	.4666237789661572	.8902524768938695
66.6	.000976292914553763	.8722028516074221	.4666267414468084	.8902588213821849
66.7	.0009633256850591684	.8722082267043825	.4666296558139747	.8902650584026753
66.8	.0009505793144915353	.8722135093272556	.46663252220153056	.8902711882161936
66.9	.0009380473469600157	.8722187022162736	.4666353419670419	.890277213966863
67	.0009256340587314343	.872223846530904	.4666381348462329	.8902831820927393
67.1	.0009134142484778913	.8722289100434583	.4666408854668411	.8902890563288605
67.2	.0009013853804367053	.8722338938096813	.4666435943778883	.8902948379165551
67.3	.0008895450318809656	.8722387988375455	.46664626210463733	.8903005280418117
67.4	.0008778908931195191	.8722436260872511	.46664888914859226	.8903061278352796
67.5	.0008664207674969853	.8722483764712258	.4666514759874984	.8903116383722687
67.6	.0008551325713937434	.8722530508541249	.46665402307534226	.8903170606727491
67.7	.0008440243342259383	.8722576500528313	.4666565308423516	.8903223957013519
67.8	.0008330941984454847	.8722621748364557	.4666589996949953	.8903276443673683
67.9	.0008223404195400559	.8722666259263365	.4666614300159836	.8903328075247504
68	.0008117613660330969	.8722710039960393	.46666382216426777	.8903378859721104
68.1	.0008013555194838131	.8722753096713578	.4666661764750404	.8903428804527215
68.2	.0007911214744871753	.872279543530313	.4666684932597353	.890347791654517
68.3	.0007810579386739238	.8722837061031536	.4666707728060275	.8903526202100912
68.4	.0007711085267575347	.872287821595756	.466673026715531	.8903573935565052
68.5	.0007613050172504562	.8722918763285752	.46667524848303416	.8903620962354184
68.6	.0007516510864716678	.8722958686990944	.4666774373741542	.8903667264609382
68.7	.000742144040544555	.8722997998430333	.4666795939622168	.8903712855461724
68.8	.000732781220270858	.8723036708820119	.46668171881288134	.8903757747870135
68.9	.0007235600011306631	.8723074829235494	.46668381248414065	.8903801954621381
69	.0007144777932824125	.8723112370610654	.46668587552632107	.8903845488330074
69.1	.0007055320415628953	.8723149343738789	.4666879084820825	.8903888361438671
69.2	.0006967202254872523	.8723185759272087	.4666899118864186	.890393058621747
69.3	.0006880398592489786	.8723221627721738	.46669188626665625	.8903972174764614
69.4	.0006794884917199154	.8723256959457923	.466693832142456	.8904013139006092
69.5	.00067106370645026	.8723291764709828	.46669575002581204	.8904053490695735
69.6	.0006627631216685567	.8723326053565634	.466697640421052	.890409324141522
69.7	.0006545843902817012	.872335983597252	.4666995038248371	.8904132402574064
69.8	.0006465241119559387	.872339312469148	.46670134107315103	.8904170991348945
69.9	.0006385802931925377	.8723425928615691	.4667031525566652	.890420901725332
70	.0006307510529580334	.8723458256286061	.46670493863357476	.890424648920383
70.1	.0006230341361918642	.8723490117212542	.46670669978476376	.8904283418176218
70.2	.0006154273205232444	.8723521520769496	.4667084364840841	.8904319814984926
70.3	.000607928416271169	.8723552476195675	.46671014919835563	.8904355690283097
70.4	.0006005352664444044	.8723582992594234	.46671183838736574	.8904391054562574
70.5	.0005932457467414983	.8723613078932728	.46671350450386984	.8904425918153901
70.6	.0005860577655507716	.8723642744043109	.466715147993591	.8904460291226323
70.7	.0005789692639503217	.8723671996621728	.46671676929522016	.8904494183787782
70.8	.0005719782157080258	.8723700845229335	.466718368840416	.8904527605684925
70.9	.0005650826272815335	.8723729298291082	.4667199470538051	.8904560566603097
71	.0005582805378182748	.8723757364096515	.4667215043529817	.8904593076066342
71.1	.0005515700191554536	.8723785050799583	.46672304114850793	.8904625143437406
71.2	.0005449612696879827	.8723812311112488	.4667245555989705	.8904656720340265
71.3	.0005384550297605281	.8723839141013682	.46672604761765757	.890468780342188
71.4	.0005320396387787516	.8723865593205908	.46672751941883656	.8904718448362949
71.5	.0005257135527746808	.8723891674141734	.4667289713378964	.8904748662674441
71.6	.0005194752544681789	.8723917390165565	.4667304037043079	.8904778453734601
71.7	.0005133232532669473	.8723942747513661	.46673181684162385	.8904807828788946
71.8	.0005072560852665287	.8723967752314122	.46673321106747884	.8904836794950273
71.9	.0005012723132503002	.8723992410586898	.46673458669358936	.890486535919865
72	.0004953705266894811	.8724016728243784	.46673594402575397	.8904893528381421
72.1	.0004895493417431258	.8724040711088421	.466737283363853	.8904921309213205
72.2	.0004838074012581278	.8724064364816297	.4667386050018488	.8904948708275895
72.3	.00047814337476922075	.8724087695014747	.4667399092277856	.8904975732018661
72.4	.0004725559584989738	.872411070716295	.46674119632378946	.8905002386757944
72.5	.00046704387535779736	.8724133406631934	.46674246656606844	.8905028678677465
72.6	.0004616058749439378	.8724155798684571	.46674372022491256	.8905054613828215
72.7	.00045624073354348	.872417788847558	.46674495756469364	.8905080198128463
72.8	.00045094725413034913	.8724199681051528	.46674617884386554	.8905105437363753
72.9	.00044572426636630596	.8724221181350826	.466747384314964	.89051303371869
73	.0004405706266009524	.8724242394203733	.4667485742246065	.8905154903117998
73.1	.00043548521787172646	.8724263324332353	.46674974881349274	.8905179140544415
73.2	.00043046694990390446	.8724283976350637	.4667509083164041	.890520305472079
73.3	.00042551475911060325	.8724304354764383	.46675205296220396	.8905226650769046
73.4	.00042062760859277516	.8724324463971234	.46675318297383767	.8905249933678369
73.5	.0004158044881392135	.8724344308260679	.4667542985683324	.890527290830523
73.6	.0004110444142265479	.8724363891814055	.46675539995679727	.8905295579373367
73.7	.0004063464300192464	.8724383218704546	.4667564873444233	.89053179514738
73.8	.0004017096053696172	.8724402292897178	.4667575609304836	.8905340029064818
73.9	.00039713303681780427	.8724421118248826	.4667586209083328	.8905361816471988
74	.00039261584759179245	.8724439698508215	.46675966746540787	.8905383317888153
74.1	.00038815718760740295	.872445803731591	.46676070078322746	.8905404537373425
74.2	.0003837562334682954	.8724476138204326	.46676172103739216	.8905425478855198
74.3	.0003794121884659695	.8724494004597722	.4667627283975846	.8905446146128136
74.4	.00037512428257976076	.8724511639812206	.46676372302756913	.890546654285418
74.5	.0003708917724768456	.8724529047055731	.4667647050851922	.8905486672562547
74.6	.00036671394151223684	.8724546229428095	.466765674722382	.8905506538649725
74.7	.0003625900997287856	.8724563189920946	.46676663208514885	.8905526144379479
74.8	.0003585185858489829	.8724579934490085	.466767577585956	.8905545498461596
74.9	.0003544772753899198	.8724596532060126	.4667685172233426	.8905564724009177
75	.0003504855996151222	.8724612923602698	.4667694456560374	.8905583711860152
75.1	.0003465428668998047	.8724629112010593	.46677036303596725	.8905602465353435
75.2	.0003426484107486101	.872464510007325	.4667712695095665	.8905620987703925
75.3	.0003388015897956114	.8724660890476744	.46677216521777654	.8905639282002509
75.4	.0003350017878043076	.8724676485803803	.4667730502960461	.8905657351216056
75.5	.0003312484136676281	.8724691888533794	.4667739248743311	.8905675198187429
75.6	.00032754090140792917	.8724707101042728	.4667747890770947	.890569282563547
75.7	.0003238787101769953	.872472212560326	.46677564302330726	.8905710236155009
75.8	.00032026132425604076	.872473696438469	.4667764868264464	.8905727432216863
75.9	.00031668825305570635	.872475161945296	.466777320594497	.8905744416167838
76	.0003131590311160629	.8724766092770656	.466778144429951	.890576119023072
76.1	.00030967321810660824	.8724780386197011	.46677895842980793	.8905777756504286
76.2	.00030623039882626845	.8724794501487897	.4667797626855741	.8905794116963297
76.3	.0003028301832033993	.8724808440295833	.46678055728326334	.8905810273458501
76.4	.0002994722062957832	.872482220416998	.4667813423033967	.8905826227716632
76.5	.0002961561282906325	.8724835794556143	.46678211782100226	.890584198134041
76.6	.00029288163450458656	.8724849212796774	.46678288390561556	.8905857535808541
76.7	.000289648435383713	.8724862460130964	.4667836406212793	.8905872892475719
76.8	.0002864562665035093	.8724875537694451	.4667843880265433	.8905888052572621
76.9	.00028330488856889913	.8724888446519615	.46678512617446477	.8905903017205913
77	.0002801940874142366	.8724901187535481	.466785855112608	.8905917787358245
77.1	.00027712367400330255	.8724913761567717	.4667865748830446	.8905932363888256
77.2	.0002740934844293063	.8724926169338637	.46678728552235343	.8905946747530568
77.3	.0002711033799148866	.8724938411467195	.4667879870616205	.8905960938895789
77.4	.0002681532468121089	.872495048846899	.46678867952643904	.8905974938470519
77.5	.00026524299660246874	.8724962400756267	.4667893629369097	.8905988746617336
77.6	.00026237256589688857	.8724974148637912	.46679003730764007	.890600236357481
77.7	.00025954191643571926	.8724985732319458	.46679070264774514	.8906015789457495
77.8	.00025675103508874104	.8724997151903078	.46679135896084717	.8906029024255933
77.9	.0002539999338551611	.8725008407387592	.46679200624507555	.8906042067836648
78	.00025128864986361627	.8725019498668463	.4667926444930669	.8906054919942155
78.1	.00024861724537217074	.8725030425537794	.46679327369196516	.8906067580190951
78.2	.0002459858077683168	.8725041187684338	.4667938938234214	.8906080048077523
78.3	.00024339444956897636	.8725051784693488	.4667945048635939	.8906092322972341
78.4	.00024084330842049807	.8725062216047282	.4667951067831484	.8906104404121864
78.5	.0002382696640709255	.8725072739356146	.46679571329073355	.890611660153357
78.6	.00023568036041283453	.8725083326562316	.46679632289132217	.8906128881299603
78.7	.0002331202826303687	.8725093793389742	.4667969257757259	.8906141021441422
78.8	.0002305891667968359	.8725104140968891	.46679752200237423	.8906153023191693
78.9	.00022808676527260991	.8725114370363188	.4667981116261365	.8906164887702791
79	.00022561284670513337	.8725124482569013	.4667986946983218	.8906176616046787
79.1	.0002231671960289152	.8725134478515701	.4667992712666791	.8906188209215458
79.2	.00022074961446553164	.8725144359065543	.46679984137539693	.8906199668120277
79.3	.00021835991952362746	.8725154125013783	.4668004050651038	.8906210993592425
79.4	.0002159979449989134	.8725163777088624	.46680096237286794	.890622218638278
79.5	.0002136635409741689	.8725173315951221	.4668015133321974	.8906233247161922
79.6	.00021135657381923974	.8725182742195686	.46680205797303986	.8906244176520136
79.7	.00020907692619103916	.8725192056349086	.466802596321783	.8906254974967406
79.8	.00020682449703354872	.8725201258871443	.4668031284012541	.8906265642933415
79.9	.00020459920157781607	.8725210350155735	.46680365423072034	.8906276180767554
80	.00020240097134195746	.8725219330527895	.4668041738258886	.8906286588738911
80.1	.00020022975413115564	.872522820024681	.46680468719890567	.8906296867036275
80.2	.00019808551403766074	.8725236959504324	.466805194358358	.890630701576814
80.3	.00019596823144079112	.8725245608425237	.46680569530927174	.8906317034962699
80.4	.00019387790300693134	.8725254147067302	.4668061900531131	.8906326924567848
80.5	.00019181454168953457	.8725262575421229	.46680667858778774	.8906336684451184
80.6	.00018977817672912042	.8725270893410682	.46680716090764146	.8906346314400004
80.7	.00018776885365327588	.872527910089228	.4668076370034595	.8906355814121312
80.8	.00018578663427665617	.8725287197655601	.4668081068624671	.8906365183241806
80.9	.00018383159670098284	.8725295183423174	.46680857046832924	.890637442130789
81	.0001819038353150458	.8725303057850485	.46680902780115063	.8906383527785671
81.1	.0001800034607947016	.8725310820525976	.46680947883747576	.8906392502060955
81.2	.00017813060010287416	.8725318470971043	.466809923550289	.8906401343439249
81.3	.00017628539648955553	.8725326008640037	.4668103619090143	.8906410051145763
81.4	.00017446800949180415	.8725333432920267	.46681079387951574	.890641862432541
81.5	.0001726786149337468	.8725340743131995	.4668112194240968	.8906427062042801
81.6	.0001709174049265769	.8725347938528438	.466811638501501	.8906435363282251
81.7	.0001691845878685553	.872535501829577	.4668120510669114	.8906443526947778
81.8	.00016748038844501087	.8725361981553119	.46681245707195124	.8906451551863098
81.9	.00016580504762833898	.8725368827352569	.4668128564646831	.8906459436771631
82	.00016415882267800327	.8725375554679158	.46681324918960965	.8906467180336497
82.1	.00016253355554484312	.8725382195508536	.4668136371255356	.8906474823646757
82.2	.00016085229914533183	.8725389051513497	.4668140379614676	.8906482754579711
82.3	.00015919166763998167	.872539582229794	.46681443409309004	.8906490586865561
82.4	.00015755157171251855	.8725402508192965	.46681482554529263	.8906498320921858
82.5	.0001559319310216472	.87254091094913	.4668152123410853	.8906505957122723
82.6	.00015433267420104926	.8725415626447293	.4668155945015983	.8906513495798836
82.7	.00015275373885938428	.8725422059276915	.4668159720460824	.8906520937237441
82.8	.00015119507158029016	.8725428408157764	.46681634499190855	.8906528281682349
82.9	.00014965662792238162	.8725434673229061	.46681671335456804	.8906535529333932
83	.00014813837241925212	.872544085459165	.46681707714767257	.890654268034913
83.1	.00014664027857947212	.8725446952307996	.46681743638295425	.8906549734841442
83.2	.0001451623288865899	.8725452966402193	.4668177910702654	.8906556692880937
83.3	.0001437045147991321	.8725458896859957	.46681814121757875	.8906563554494241
83.4	.00014226683675060226	.8725464743628624	.46681848683098737	.8906570319664551
83.5	.00014084930414948256	.8725470506617158	.46681882791470464	.8906576988331623
83.6	.00013945193537923223	.8725476185696146	.46681916447106436	.890658356039178
83.7	.0001380747577982883	.8725481780697798	.4668194965005206	.8906590035697907
83.8	.0001367178077400662	.8725487291415946	.46681982400164784	.8906596414059454
83.9	.00013538113051295823	.872549271760605	.4668201469711408	.8906602695242437
84	.00013406478040033527	.8725498058985192	.4668204654038147	.8906608878969433
84.1	.0001327688206605454	.8725503315232073	.466820779292605	.8906614964919584
84.2	.00013149332352691437	.8725508485987025	.46682108862856747	.8906620952728597
84.3	.00013023837020774634	.8725513570851999	.4668213934008783	.8906626841988742
84.4	.00012900405088632245	.8725518569390572	.46682169359683395	.8906632632248853
84.5	.00012779046472090227	.8725523481127944	.4668219892018514	.890663832301433
84.6	.00012659771984472267	.8725528305550938	.46682228019946775	.8906643913747134
84.7	.0001254259333659982	.8725533042108002	.4668225665713406	.8906649403865793
84.8	.0001242752313679217	.8725537690209207	.4668228482972478	.8906654792745398
84.9	.00012314574890866315	.8725542249226248	.4668231253550876	.8906660079717601
85	.00012203763002137083	.8725546718492444	.46682339772087855	.8906665264070623
85.1	.00012095102771417037	.8725551097302736	.46682366536875963	.8906670345049248
85.2	.00011988610397016514	.8725555384913691	.46682392827099	.890667532185482
85.3	.00011884302974743669	.8725559580543498	.4668241863979494	.8906680193645252
85.4	.00011782198497904377	.8725563683371972	.46682443971813775	.890668495953502
85.5	.00011682315857302344	.8725567692540549	.46682468819817535	.890668961859516
85.6	.00011584674841239006	.872557160715229	.46682493180280277	.8906694169853279
85.7	.0001148929613551358	.8725575426271881	.4668251704948811	.8906698612293541
85.8	.00011390645231639848	.8725579391421207	.46682541537839733	.8906703213768074
85.9	.00011290155848520927	.8725583439994723	.46682566358214816	.8906707904871122
86	.00011191057547043766	.8725587431008177	.4668259086332043	.8906712529279298
86.1	.00011093333866812664	.8725591365150678	.4668261505686064	.8906717087774633
86.2	.00010996968528149209	.8725595243104243	.4668263894249532	.890672158113041
86.3	.00010901945432092313	.8725599065543796	.466826625238401	.8906726010111172
86.4	.0001080824866039812	.8725602833137175	.4668268580446644	.8906730375472717
86.5	.00010715862475540108	.8725606546545115	.46682708787901545	.8906734677962095
86.6	.00010624771320709004	.8725610206421268	.46682731477628436	.8906738918317617
86.7	.00010534959819812818	.8725613813412187	.46682753877085914	.8906743097268845
86.8	.00010446412777476881	.8725617368157338	.4668277598966857	.8906747215536602
86.9	.00010359115179043763	.872562087128909	.46682797818726773	.8906751273832964
87	.00010273052190573365	.8725624323432722	.46682819367566697	.890675527286126
87.1	.00010188209158842833	.8725627725206421	.46682840639450296	.8906759213316079
87.2	.00010104571611346602	.872563107722128	.46682861637595313	.8906763095883264
87.3	.00010022125256296425	.8725634380081301	.4668288236517527	.8906766921239916
87.4	9940855982621294e-20	.8725637634383392	.46682902825319494	.8906770690054387
87.5	9860749859967531e-20	.8725640840717371	.4668292302111309	.890677440298629
87.6	9781793138698708e-20	.8725643999665961	.4668294295559695	.8906778060686491
87.7	9703972249895682e-20	.8725647111804795	.46682962631767755	.8906781663797113
87.8	9627273805356626e-20	.8725650177702412	.46682982052577987	.8906785212951532
87.9	9551684597596957e-20	.8725653197920259	.46683001220935894	.8906788708774385
88	9477191599849416e-20	.872565617301269	.4668302013970553	.8906792151881558
88.1	9403781966064e-17	.8725659103526968	.46683038811706723	.89067955428802
88.2	9331443030907987e-20	.8725661990003264	.46683057239715103	.890679888236871
88.3	9260162309765975e-20	.8725664832974653	.46683075426462084	.8906802170936747
88.4	91899274987398e-18	.8725667632967123	.46683093374634865	.8906805409165222
88.5	9120726474648629e-20	.8725670390499565	.4668311108687643	.8906808597626305
88.6	9052547295028879e-20	.8725673106083779	.4668312856578556	.890681173688342
88.7	8985378198134252e-20	.8725675780224473	.46683145813916815	.8906814827491247
88.8	8919207602935765e-20	.8725678413419264	.46683162833780556	.8906817869995722
88.9	8854024109121683e-20	.8725681006158674	.4668317962784292	.8906820864934039
89	8789816497097589e-20	.8725683558926135	.46683196198525834	.8906823812834642
89.1	8726573727986326e-20	.8725686072197983	.46683212548207015	.8906826714217236
89.2	8664284943628019e-20	.8725688546443466	.46683228679219974	.8906829569592782
89.3	8602939466580104e-20	.8725690982124737	.46683244593854	.8906832379463494
89.4	854224663656053e-19	.8725693391105245	.46683260353508604	.8906835158579542
89.5	8480706810767755e-20	.8725695834479016	.46683276274844826	.8906837983213125
89.6	8419884246899385e-20	.8725698248576935	.46683292027598067	.8906840773723985
89.7	835976126654449e-19	.8725700634147303	.46683307615511604	.8906843530972405
89.8	830032028330616e-19	.8725702991934942	.4668332304230324	.8906846255814435
89.9	8241543804330138e-20	.8725705322681132	.46683338311664946	.8906848949101818
90	8183414431833598e-20	.8725707627123547	.466833534272626	.8906851611681913
90.1	8125914864633786e-20	.8725709905996193	.466833683927356	.8906854244397612
90.2	8069027899676748e-20	.872571216002935	.46683383211696594	.8906856848087267
90.3	8012736433566053e-20	.8725714389949503	.46683397887731104	.890685942358461
90.4	7957023464091451e-20	.8725716596479285	.4668341242439726	.8906861971718678
90.5	7901872091757624e-20	.8725718780337411	.4668342682522543	.8906864493313732
90.6	7847265521312845e-20	.8725720942238622	.4668344109371794	.8906866989189178
90.7	7793187063277702e-20	.8725723082893613	.46683455233348703	.8906869460159494
90.8	773962013547382e-19	.8725725203008979	.4668346924756293	.8906871907034151
90.9	7686548264552513e-20	.872572730328715	.4668348313977681	.890687433061753
91	7633955087523549e-20	.8725729384426327	.46683496913377165	.890687673170885
91.1	7581824353283795e-20	.8725731447120425	.4668351057172114	.8906879111102092
91.2	753013992414595e-19	.8725733492059002	.4668352411813587	.890688146958591
91.3	7478885777367264e-20	.8725735519927207	.4668353755591819	.8906883807943567
91.4	7428046006678187e-20	.8725737531405708	.46683550888334263	.890688612695285
91.5	7377604823811137e-20	.8725739527170637	.4668356411861929	.8906888427385989
91.6	7327546560029151e-20	.8725741507893527	.4668357724997718	.8906890710009591
91.7	7277855667654605e-20	.8725743474241243	.4668359028558024	.8906892975584546
91.8	7228516721597936e-20	.8725745426875929	.4668360322856881	.8906895224865964
91.9	717951442088631e-19	.872574736645494	.4668361608205099	.8906897458603089
92	7130833590192362e-20	.872574929363078	.4668362884910229	.8906899677539223
92.1	708245918136286e-19	.8725751209051043	.46683641532765313	.8906901882411649
92.2	7034376274947434e-20	.8725753113358345	.4668365413604944	.8906904073951551
92.3	6986570081727282e-20	.8725755007190271	.46683666661930495	.8906906252883942
92.4	6939025944243844e-20	.8725756891179302	.4668367911335042	.8906908419927576
92.5	6891729338327546e-20	.8725758765952761	.4668369149321696	.8906910575794882
92.6	684466587462646e-19	.8725760632132746	.46683703804403354	.8906912721191877
92.7	6797821300135031e-20	.8725762490336072	.46683716049747986	.8906914856818093
92.8	6751181499722793e-20	.8725764341174201	.4668372823205407	.8906916983366497
92.9	6704732497663028e-20	.8725766185253191	.46683740354089354	.8906919101523417
93	6658460459161523e-20	.8725768023173623	.46683752418585744	.8906921211968457
93.1	6612351691885224e-20	.8725769855530547	.4668376442823903	.8906923315374425
93.2	6566392647490959e-20	.8725771682913414	.46683776385708536	.8906925412407257
93.3	6520569923154166e-20	.8725773505906014	.4668378829361682	.8906927503725932
93.4	647487026309754e-19	.872577532508642	.4668380015454932	.89069295899824
93.5	6429280560119795e-20	.8725777141026919	.4668381197105406	.89069316718215
93.6	6383787857124321e-20	.8725778954293953	.4668382374564131	.8906933749880889
93.7	6338379348647905e-20	.8725780765448056	.4668383548078328	.8906935824790955
93.8	629304238238945e-19	.8725782575043789	.46683847178913773	.8906937897174748
93.9	6247764460738637e-20	.8725784383629684	.4668385884242787	.8906939967647896
94	6202533242304677e-20	.8725786191748177	.46683870473681643	.8906942036818528
94.1	6157336543444972e-20	.8725787999935547	.4668388207499176	.8906944105287202
94.2	6112162339793833e-20	.8725789808721851	.46683893648635244	.890694617364682
94.3	6066998767791204e-20	.8725791618630869	.46683905196849085	.8906948242482552
94.4	60218341262113185e-21	.8725793430180036	.4668391672182995	.8906950312371762
94.5	5976656877691455e-20	.8725795243880375	.4668392822573385	.8906952383883925
94.6	5931455650260594e-20	.8725797060236451	.4668393971067583	.8906954457580554
94.7	5886219238868142e-20	.8725798879746289	.46683951178729627	.8906956534015116
94.8	5840936606912652e-20	.8725800702901328	.4668396263192735	.8906958613732964
94.9	5795596887770478e-20	.8725802530186347	.4668397407225918	.8906960697271247
95	5750189386324537e-20	.8725804362079411	.4668398550167303	.8906962785158843
95.1	5704703580492959e-20	.8725806199051804	.46683996922074206	.8906964877916276
95.2	56591291227578126e-21	.8725808041567967	.46684008335325117	.8906966976055636
95.3	5615097338948084e-20	.8725809813560101	.4668401948096509	.8906968998218636
95.4	55724188299956665e-21	.8725811523842514	.4668403038943525	.8906970953847257
95.5	5529846446967283e-20	.872581323054232	.46684041260169673	.8906972905133996
95.6	54873786354097995e-21	.8725814933719309	.4668405209356493	.8906974852153514
95.7	5445014166852325e-20	.8725816633419419	.466840628899501	.8906976794964485
95.8	54027521411675476e-21	.8725818329674627	.466840736495863	.890697873360947
95.9	5360591988933017e-20	.8725820022502856	.4668408437266623	.8906980668114802
96	5318533473792512e-20	.8725821711907867	.4668409505931374	.8906982598490469
96.1	5276576694817324e-20	.8725823397879162	.4668410570958335	.8906984524729988
96.2	5234722088867586e-20	.8725825080391882	.46684116323459807	.8906986446810291
96.3	5192970432953622e-20	.8725826759406706	.4668412690085761	.8906988364691605
96.4	51513228465972215e-21	.872582843486975	.46684137441620577	.8906990278317327
96.5	5109780794193009e-20	.8725830106712466	.4668414794552139	.8906992187613916
96.6	5068346087369722e-20	.8725831774851538	.4668415841226112	.8906994092490762
96.7	50270208873515534e-21	.8725833439188786	.46684168841468776	.8906995992840074
96.8	4985807707319487e-20	.8725835099611065	.4668417923270087	.8906997888536758
96.9	4944709414772578e-20	.8725836755990155	.4668418958544092	.8906999779438298
97	49037292338893224e-21	.8725838408182672	.4668419989909905	.8907001665384637
97.1	48628707478889365e-21	.872584005602996	.46684210173011487	.8907003546198057
97.2	48221379013926965e-21	.8725841699357989	.4668422040644012	.8907005421683061
97.3	47815350027852726e-21	.8725843337977259	.4668423059857205	.8907007291626251
97.4	4741066726576016e-20	.8725844971682696	.4668424074851913	.8907009155796214
97.5	4700738115760321e-20	.8725846600253547	.46684250855317516	.8907011013943396
97.6	4660554584180908e-20	.872584822345329	.4668426091792719	.8907012865799986
97.7	4620521918889163e-20	.8725849841029519	.4668427093523153	.8907014711079799
97.8	45806462825064726e-21	.8725851452713855	.46684280906036846	.8907016549478153
97.9	45409342155855086e-21	.8725853058221837	.4668429082907191	.890701838067175
98	4501392638971592e-20	.8725854657252825	.4668430070298752	.8907020204318559
98.1	44620288561639755e-21	.8725856249489897	.46684310526356027	.8907022020057694
98.2	4422850555677182e-20	.8725857834599748	.466843202976709	.8907023827509299
98.3	4383865813402341e-20	.8725859412232592	.46684330015346254	.8907025626274422
98.4	43450830949684724e-21	.8725860982022056	.46684339677716385	.89070274159349
98.5	4306511258103851e-20	.8725862543585081	.4668434928303535	.8907029196053243
98.6	4268159554997288e-20	.8725864096521826	.4668435882947647	.8907030966172506
98.7	4230037634659472e-20	.8725865640415555	.46684368315131897	.8907032725816175
98.8	41921555452843016e-21	.8725867174832551	.46684377738012167	.8907034474488051
98.9	4154523736610173e-20	.8725868699322001	.4668438709604571	.8907036211672124
99	4117153062281342e-20	.8725870213415905	.4668439638707843	.8907037936832455
99.1	40800547822092054e-21	.8725871716628968	.4668440560887323	.8907039649413062
99.2	40432405649336436e-21	.8725873208458504	.4668441475910956	.8907041348837793
99.3	40067224899843534e-21	.8725874688384333	.46684423835382965	.8907043034510214
99.4	39705130502421336e-21	.8725876155868678	.46684432835204626	.8907044705813484
99.5	3934625154300246e-20	.8725877610356069	.466844417560009	.8907046362110239
99.6	3899072128825704e-20	.8725879051273234	.4668445059511287	.890704800274247
99.7	38638677209206056e-21	.8725880478029008	.4668445934979589	.8907049627031409
99.8	38290261004834723e-21	.8725881890014221	.4668446801721913	.8907051234277402
99.9	37945618625705326e-21	.8725883286601609	.466844765944651	.8907052823759796
100	3760490029757084e-20	.8725884667145699	.46684485078529236	.8907054394736816
