0	2	0	0	.01
.1	1.999765333581817	.0001273796425960473	66548547244143695e-22	.01013417856115022
.2	1.9995282454524885	.00025671679502086613	13207259397459815e-21	.01026910999079118
.3	1.9992886395505207	.00038808945749140917	19656810399118908e-21	.010404821575452273
.4	1.9990463302479522	.0005216455263107949	260058673495976e-19	.010541360477850537
.5	1.9988013743553115	.000657339616249622	32254308449574496e-21	.010678711626652938
.6	1.9985538062392798	.0007951442721909009	3840206001836841e-20	.010816865904681559
.7	1.9983033170437514	.0009353059183028814	4445522655140245e-20	.010955898415192738
.8	1.9980500508053527	.0010777096334127878	5041096118597556e-20	.011095774133398285
.9	1.9977939705499947	.0012223852638407382	5627020709273539e-20	.01123650130542859
1	1.9975347375908918	.0013696060110749363	6204148470121185e-20	.011378155884442066
1.1	1.9972724911683852	.0015192595569793444	6772129110675629e-20	.011520706644704051
1.2	1.9970072095404006	.0016713634397849677	7331017328025951e-20	.011664158462044641
1.3	1.9967388709648635	.0018259351977228133	788086781926123e-19	.01180851621229393
1.4	1.9964674536996991	.0019829923690238864	8421735281470541e-20	.011953784771282013
1.5	1.9961927572698293	.002142698268221104	8954124933802846e-20	.012100006950147494
1.6	1.9959146768783158	.0023051381738655335	9478300824991706e-20	.012247205252756759
1.7	1.9956332665762306	.0024702678065921906	9994126604676662e-20	.012395368468171717
1.8	1.995348478555428	.0026381259643626738	.00010501722673202351	.012544507004633618
1.9	1.995060265007762	.0028087514451385796	.0001100120943091341	.012694631270383712
2	1.9947685767851213	.0029821842347222396	.00011492709645509979	.012845751844930958
2.1	1.9944732109633614	.0031586006369746277	.00011976617765311812	.01299789896267667
2.2	1.994174198362385	.003337969748339018	.00012452915276187543	.01315107298201358
2.3	1.9938714793339067	.003520340862722796	.0001292174349680388	.013305285824531107
2.4	1.99356499422964	.003705763274033348	.00013383243745827532	.01346054941181867
2.5	1.993254683401299	.0038942862761780607	.00013837557341925215	.01361687566546569
2.6	1.9929404488599989	.004086000294463611	.00014284765431551977	.013774273588289618
2.7	1.992622197642916	.004280990362291243	.00014724957049123911	.013932752565729036
2.8	1.9922999059763626	.004479267287667693	.00015158329815349463	.014092327250415095
2.9	1.9919735118820623	.004680882864090292	.00015585021392179122	.014253009386560971
3	1.9916429533817384	.004885888885056372	.00016005169441563367	.014414810718379845
3.1	1.9913081684971141	.00509433714406326	.00016418911625452683	.01457774299008489
3.2	1.9909690952499126	.005306279434608288	.00016826385605797555	.014741817945889284
3.3	1.9906256716618573	.005521767550188786	.00017227729044548464	.014907047330006204
3.4	1.9902778357546718	.005740853284302086	.00017623079603655895	.015073442886648827
3.5	1.9899255183846285	.005963597129898445	.00018012534865270946	.015241014849090542
3.6	1.9895685633003075	.006190165335919578	.0001839570517643256	.015409755082675494
3.7	1.9892069774413481	.006420526023775203	.00018773113690054232	.015579689863965934
3.8	1.9888406957170472	.0066547347657076195	.0001914488065879167	.015750830280874442
3.9	1.9884696530367014	.00689284713395913	.00019511126335300586	.015923187421313604
4	1.9880937843096076	.007134918700772035	.00019871970972236693	.016096772373195994
4.1	1.9877130244450625	.007381005038388634	.00020227534822255696	.016271596224434193
4.2	1.9873273083523626	.007631161719051231	.0002057793813801331	.01644767006294079
4.3	1.9869365709408044	.007885444315002122	.00020923301172165242	.01662500497662836
4.4	1.9865407471196852	.008143908398483612	.0002126374417736721	.016803612053409484
4.5	1.986139729492506	.008406688679069418	.00021598903988698508	.01698345971805021
4.6	1.9857334618039766	.008673824201454565	.0002192900181883846	.01716456796850796
4.7	1.9853218921330478	.00894534590269225	.0002225430840673287	.0173469611735915
4.8	1.9849049535564374	.009221312783052285	.00022574923064620005	.017530648573154627
4.9	1.9844825791508622	.009501783842804494	.0002289094510473816	.017715639407051138
5	1.9840547019930403	.00978681808221869	.00023202473839325602	.017901942915134833
5.1	1.9836212551596888	.010076474501564691	.0002350960858062062	.018089568337259516
5.2	1.983182171727525	.01037081210111232	.00023812448640861495	.018278524913278985
5.3	1.982737384773267	.01066988988113139	.000241110933322865	.018468821883047035
5.4	1.9822867896709844	.01097381129479908	.0002440547427549517	.01866046172195915
5.5	1.9818302584754413	.011282707289673557	.0002469541937283596	.018853442721554085
5.6	1.981367784030311	.011596566398427778	.0002498129376453232	.01904778484483405
5.7	1.98089929577369	.011915451911409516	.00025263180579174584	.01924349667882595
5.8	1.9804247231436742	.012239427118966535	.00025541162945353117	.01944058681055668
5.9	1.9799439955783598	.012568555311446612	.0002581532399165826	.01963906382705315
6	1.9794570425158426	.012902899779197508	.0002608574684668036	.019838936315342257
6.1	1.9789637933942195	.013242523812566997	.0002635251463900979	.02004021286245091
6.2	1.9784641776515859	.013587490701902852	.00026615710497236874	.020242902055406017
6.3	1.9779581247260385	.01393786373755284	.00026875417549951977	.020447012481234473
6.4	1.9774454632585947	.014293834060508798	.00027131229830257135	.0206525231768153
6.5	1.9769261885165288	.014655381463630927	.0002738354988824231	.020859462027968328
6.6	1.9764002300177324	.015022569136054886	.00027632461239687057	.02106783764511364
6.7	1.9758675141225897	.015395464271886592	.0002787803207926792	.02127765771300165
6.8	1.9753279671914854	.015774134065231968	.0002812033060166144	.021488929916382765
6.9	1.974781515584804	.016158645710196932	.0002835942500154416	.021701661940007406
7	1.9742280856629297	.0165490664008874	.0002859538347359262	.021915861468625973
7.1	1.9736676037862475	.0169454633314093	.00028828274212483365	.022131536186988883
7.2	1.9730999963151417	.01734790369586855	.0002905816541289294	.02234869377984655
7.3	1.972525132129732	.017756527101169678	.0002928491705683969	.022567324798072656
7.4	1.9719429314834238	.018171408434902385	.00029508575217486596	.022787435106032202
7.5	1.971353351270275	.018592576425296086	.00029729318692643203	.02300904149003773
7.6	1.9707563148361407	.01902010206411688	.00029947204757356695	.02323215073626036
7.7	1.9701517455268758	.019454056343130875	.0003016229068667426	.02345676963087122
7.8	1.9695395666883357	.019894510254104165	.0003037463375564309	.023682904960041412
7.9	1.9689197016663753	.02034153478880286	.0003058429123931038	.023910563509942064
8	1.96829207380685	.020795200938993057	.000307913204127233	.024139752066744295
8.1	1.9676566064556142	.021255579696440857	.0003099577855092906	.02437047741661922
8.2	1.9670132028421785	.02172276711172182	.0003119766230221185	.024602740564142443
8.3	1.9663617183203808	.022196918873845926	.00031396824026866746	.02483652875404576
8.4	1.9657021328018665	.022678035510916652	.0003159349147826227	.02507186502995241
8.5	1.9650343666550283	.02316619172370688	.000317877129579517	.025308755322287484
8.6	1.9643583402482594	.023661462212989474	.00031979536767488294	.025547205561476057
8.7	1.963673973949952	.02416392167953732	.0003216901120842533	.02578722167794321
8.8	1.9629811881284993	.024673644824123285	.00032356184582316074	.026028809602114036
8.9	1.9622799031522942	.02519070634752023	.000325411051907138	.026271975264413605
9	1.961570039389729	.02571518095050103	.0003272382133517177	.026516724595266997
9.1	1.9608515172091967	.02624714333383856	.00032904381317243255	.0267630635250993
9.2	1.9601241663978552	.026786784818144005	.00033082561404990606	.027010966893311044
9.3	1.9593879513091803	.02733412347509655	.0003325854199593183	.02726045572772899
9.4	1.9586428023347937	.027889221100948713	.0003343240149337443	.027511539399142776
9.5	1.9578886363783279	.028452156857218497	.00033604177793505966	.02776422264873611
9.6	1.9571253703129308	.02902300994467167	.0003377390870096259	.028018510207229196
9.7	1.9563529209812651	.02960185960332178	.00033941631928829035	.028274406794878706
9.8	1.9555712051955099	.030188785112430172	.00034107385098638634	.02853191712147781
9.9	1.9547801397373583	.03078386579050594	.000342712057403733	.028791045886356142
10	1.9539796413580202	.031387180995305984	.0003443313129246353	.029051797778379834
10.1	1.9531696267782195	.03199881012383498	.00034593199101788424	.029314177475951497
10.2	1.9523500126881967	.032618832612345376	.0003475144642367566	.02957818964701022
10.3	1.951520715747707	.033247327936337424	.0003490791042190152	.029843838949031587
10.4	1.9506816525860209	.03388437561055912	.00035062628168690854	.03011113002902764
10.5	1.9498327398019246	.03453005518900626	.00035215636644717117	.03038006752354693
10.6	1.9489738694036172	.03518447482144643	.00035366931136626044	.030650651284811897
10.7	1.9481048490514636	.035847840734369855	.0003551636401394523	.03092286476542176
10.8	1.947225690008592	.03652012242504994	.0003566413248999512	.031196730988664077
10.9	1.9463363046660578	.03720140435510559	.0003581026625830119	.03147225375505877
11	1.945436605225079	.03789177121068687	.0003595479465090809	.031749436823688
11.1	1.9445265036970358	.03859130790247492	.00036097746638379694	.032028283912196136
11.2	1.9436059119034699	.039300099565682	.00036239150829799055	.032308798696789785
11.3	1.9426747414760852	.04001823156005148	.0003637903547276843	.03259098481223777
11.4	1.9417329038567481	.0407457894698578	.00036517428453409275	.032874845851871136
11.5	1.9407803102974865	.04148285910390656	.00036654357296362234	.033160385367583166
11.6	1.9398168718604902	.042229526495534436	.0003678984916478715	.03344760686982935
11.7	1.9388424994181117	.04298587790260921	.0003692393086036307	.03373651382762743
11.8	1.9378571036528651	.04375199980752979	.0003705662882328824	.03402710966855735
11.9	1.9368605950574265	.04452797891722616	.0003718796913228008	.03431939777876127
12	1.935852883934634	.04531390216315943	.0003731797750457523	.03461338150294361
12.1	1.9348338556948215	.046109891696558866	.0003744660956525005	.034909051350686164
12.2	1.9338034116702942	.04691604706825624	.000375738660583116	.03520640613455259
12.3	1.932761481457824	.047732427743588775	.0003769982768708731	.035505459362353144
12.4	1.9317079732090294	.04855912352394312	.0003782451479392636	.03580621349218295
12.5	1.9306427948277343	.04939622451734203	.00037947947196096787	.03610867091068314
12.6	1.9295658539699674	.05024382113844427	.00038070144185785505	.03641283393304087
12.7	1.928477058043963	.05110200410854464	.00038191124530098284	.03671870480298929
12.8	1.927376314210161	.05197086445557398	.0003831090647105976	.03702628569280757
12.9	1.9262635293812056	.052850493514099144	.00038429507725613415	.03733557870332087
13	1.9251386102219474	.05374098292532305	.0003854694548562162	.03764658586390038
13.1	1.9240014631494418	.05464242463708464	.0003866323641786559	.037959309132463294
13.2	1.922851994332949	.05555491090385888	.00038778396664045415	.03827375039547281
13.3	1.921690109693935	.05647853428675681	.00038892441840780034	.03858991146793814
13.4	1.9205157149060712	.057413387653525445	.0003900538703960725	.038907794093414494
13.5	1.9193287153952336	.05835956417854788	.00039117246826983747	.03922739994400311
13.6	1.9181290543087575	.05931712704704198	.0003922809712374852	.039548719564022956
13.7	1.9169166165036493	.06028618606320402	.0003933791873225774	.03987176032783821
13.8	1.9156913012232786	.06126683966122041	.000394467157794472	.04019652527701505
13.9	1.9144530141685696	.062259181231691746	.00039554502795050776	.04052301542912419
14	1.9132016608446671	.0632633044303513	.0003966129386849229	.040851231715135876
14.1	1.9119371465609367	.06427930317806495	.0003976710264888552	.04118117497941985
14.2	1.910659376430965	.0653072716608312	.000398719423450342	.04151284597974537
14.3	1.9093682553725593	.06634730432978124	.0003997582572543203	.04184624538728121
14.4	1.9080636881077475	.06739949590117882	.00040078765118262653	.042181373786595644
14.5	1.9067455791627792	.06846394135642035	.00040180772411399686	.042518231675656486
14.6	1.9054138328681236	.06954073594203491	.0004028185905240668	.04285681946583103
14.7	1.9040683533584717	.07062997516968418	.00040382036048537163	.04319713748188612
14.8	1.902709044572735	.07173175481616248	.0004048131396673461	.04353918596198809
14.9	1.9013358102540456	.07284617092339674	.00040579702933632455	.043882965057702776
15	1.8999485690107587	.07397330550650516	.00040677230502233775	.04422847357035918
15.1	1.898547300786432	.07511318245671555	.0004077399677867188	.044575705052161685
15.2	1.8971318428561694	.07626596112797551	.00040869932415203865	.0449246649223447
15.3	1.8957021009073634	.077431736034634	.00040965049012676096	.04527535275724192
15.4	1.8942579805468476	.07861060184683509	.0004105935786831018	.04562776803691935
15.5	1.8927993873008988	.079802653390518	.00041152869975702975	.04598191014517534
15.6	1.8913262266152344	.0810079856474171	.00041245596024826555	.046337778369540554
15.7	1.8898384038550142	.08222669375506188	.00041337546402028233	.046695371901278
15.8	1.8883358243048403	.08345887300677701	.0004142873119003056	.04705468983538302
15.9	1.8868183931687557	.08470461885168223	.0004151916016793133	.04741573117058325
16	1.885286015570246	.0859640268946925	.00041608842811203557	.0477784948093387
16.1	1.8837385965522382	.08723719289651787	.00041697788291695506	.048142979557841664
16.2	1.8821760410771018	.08852421277366346	.00041786005477630663	.0485091841260168
16.3	1.8805982540266475	.08982518259842973	.0004187350293360776	.04887710712752109
16.4	1.879005140202128	.09114019859891205	.0004196028892060077	.0492467470797438
16.5	1.877396670325255	.09246928952390271	.0004204642892277735	.049618103815557923
16.6	1.875772776158534	.09381252411921057	.0004213195423385585	.049991176239960605
16.7	1.874133304545946	.09517005822486199	.0004221682189873021	.0503659613470106
16.8	1.8724781632761627	.09654198530053999	.0004230104184858413	.05074245733981947
16.9	1.870807260146763	.0979283988700418	.00042384623788955264	.051120662327144704
17	1.8691205029606752	.09932939252492556	.0004246757719663391	.051500574323313744
17.1	1.8674177995226195	.10074505992815624	.0004254991131656171	.05188219124814773
17.2	1.8656990576355486	.102175494817752	.00042631635158730293	.052265510926885486
17.3	1.8639641850970896	.10362079101043065	.0004271275749508003	.0526505310901074
17.4	1.8622130896959872	.1050810424052555	.0004279328685639867	.053037249373659286
17.5	1.8604456792085444	.10655634298728212	.00042873231529220025	.05342566331857631
17.6	1.858661861395064	.10804678683120413	.0004295259955272271	.05381577037100684
17.7	1.8568615439962919	.10955246810499965	.0004303139871562876	.05420756788213636
17.8	1.8550446347298575	.11107348107357777	.0004310963655310237	.054601053108111405
17.9	1.8532110412867162	.11260992010242434	.0004318732034364856	.05499622320996334
18	1.851360671327591	.11416187966124873	.0004326445710601186	.0553930752535324
18.1	1.8494934324794148	.1157294543276297	.0004334105359607502	.05579160620939144
18.2	1.8476092323317717	.11731273879066179	.00043417116303757656	.056191812952769905
18.3	1.8457079784333388	.11891182785460173	.00043492651449914975	.056593692263477734
18.4	1.8437895782883291	.12052681644251441	.0004356766498323645	.056997240825829174
18.5	1.8418539393529314	.12215779959991944	.00043642162577144496	.057402455228566775
18.6	1.839900969031754	.12380487249843715	.0004371614962669317	.05780933196478519
18.7	1.8379305746742658	.12546813043943492	.00043789631245466854	.058217867431855086
18.8	1.8359428070511243	.12714752822958908	.00043862650133392523	.05862805362399855
18.9	1.8339377425647787	.12884299562926307	.00043935255484560545	.05903988166821142
19	1.8319150582417356	.1305548539129569	.00044007390806056367	.0594533545830565
19.1	1.8298746685344904	.13228319172459385	.0004407906199699337	.05986846816132113
19.2	1.8278164881468204	.13402809753830713	.00044150274745083276	.06028521808995511
19.3	1.825740432035013	.13578965965739517	.00044221034524798044	.0607035999498509
19.4	1.823646415409094	.13756796621327697	.0004429134659553179	.061123609215623806
19.5	1.8215343537340538	.13936310516444791	.0004436121599976268	.06154524125539226
19.6	1.8194041627310777	.1411751642954349	.00044430647561214813	.061968491330557963
19.7	1.817255758378771	.14300423121575198	.0004449964588302016	.062393354595586134
19.8	1.8150890569143883	.14485039335885613	.00044568215345880445	.06281982609778575
19.9	1.8129039748350604	.14671373798110218	.00044636360106229046	.06324790077708972
20	1.8107004288990225	.14859435216069888	.00044704084094392913	.06367757346583514
20.1	1.8084783361268424	.1504923227966639	.00044771391012754465	.06410883888854346
20.2	1.8062376138026468	.15240773660777962	.00044838284333913463	.06454169166170075
20.3	1.8039781794753502	.15434068013154867	.0004490476729884898	.0649761262935379
20.4	1.8016999509598826	.156291239723149	.00044970842915081227	.06541213718381082
20.5	1.7994028463384162	.1582595015543901	.00045036513954833517	.0658497186235807
20.6	1.7970867839615947	.16024555161266765	.0004510178295319413	.06628886479499414
20.7	1.7947516824497598	.16224947569991954	.0004516665220627823	.06672956977106345
20.8	1.7923974606941788	.16427135943158147	.00045231123769389777	.06717182751544687
20.9	1.790024037858274	.16631128823554187	.000452951994551834	.06761563188222869
21	1.787631333378848	.16836934735109801	.0004535888083182634	.0680609766156996
21.1	1.7852193712939128	.17044551641431138	.00045422217566640845	.06850785615486436
21.2	1.7827883895572334	.17253955900468765	.0004548535808061746	.06895626647641506
21.3	1.7803379796388046	.17465189200957865	.00045548150832460456	.06940619845777385
21.4	1.7778680703699996	.17678259152834175	.0004561060023506327	.06985764546579457
21.5	1.7753785912534517	.178931733070699	.0004567271062917584	.07031060075946025
21.6	1.7728694724720975	.18109939154779553	.0004573448628518795	.07076505748972349
21.7	1.7703406448982186	.183285641263259	.00045795931404912657	.07122100869934701
21.8	1.767792040102486	.1854905559042589	.00045857050123369707	.07167844732274417
21.9	1.7652235903630014	.187714208532565	.00045917846510568896	.07213736618581937
22	1.7626352286743394	.1899566715756074	.00045978324573293515	.07259775800580869
22.1	1.7600268887565924	.1922180168175346	.0004603848825688372	.07305961539112024
22.2	1.7573985050644112	.19449831539027312	.00046098341447019914	.07352293084117474
22.3	1.7547500127960487	.19679763776458695	.00046157887971506217	.07398769674624606
22.4	1.7520813479024024	.19911605374113575	.0004621713160205378	.07445390538730158
22.5	1.749392447096057	.20145363244153483	.00046276076056064256	.07492154893584285
22.6	1.7466832478603271	.20381044229941364	.0004633472499841314	.07539061945374594
22.7	1.7439536884583	.20618655105147501	.00046393082043233224	.07586110889310202
22.8	1.7412037079418785	.20858202572855464	.0004645115075569796	.07633300909605789
22.9	1.7384332461608234	.21099693264667946	.0004650893465380487	.07680631179465634
23	1.735642243771796	.21343133739812759	.0004656643721015895	.07728100861067684
23.1	1.7328306422474014	.2158853048424866	.00046623661853756077	.07775709105547585
23.2	1.7299983838852306	.2183588990977131	.0004668061197176637	.07823455052982742
23.3	1.7271454118169036	.22085218353119193	.0004673729091131765	.0787133783237637
23.4	1.7242717032210744	.22336518878975686	.00046793701051344865	.07919356397158181
23.5	1.721377562318368	.22589763077220143	.0004684983559880099	.07967508073796425
23.6	1.7184626183739704	.22844987511866666	.0004690570665334986	.08015793525447966
23.7	1.7155268247238715	.23102197558072718	.00046961317229959296	.08064211803084234
23.8	1.7125701359073584	.23361398480275647	.0004701667030339604	.08112761944917438
23.9	1.709592507682761	.2362259543065346	.000470717688098215	.08161442976351407
24	1.7065938970431944	.2388579344758574	.00047126615648387466	.08210253909932459
24.1	1.7035742622323045	.24150997454114428	.00047181213682831783	.08259193745300232
24.2	1.7005335627600118	.2441821225640468	.000472355657430741	.08308261469138548
24.3	1.6974717594182558	.2468744254220573	.00047289674626811576	.0835745605512627
24.4	1.694388814296739	.24958692879311672	.0004734354310111458	.08406776463888137
24.5	1.6912846907986714	.25231967714022374	.00047397173904022394	.08456221642945637
24.6	1.6881593536565145	.25507271369604256	.0004745056974613895	.08505790526667843
24.7	1.6850127689477266	.2578460804475113	.00047503733312228517	.08555482036222269
24.8	1.6818449041105048	.26063981812045106	.00047556667262811425	.08605295079525728
24.9	1.678655727959532	.2634539661641733	.0004760937423575978	.08655228551195174
25	1.6754452107017188	.26628856273608936	.00047661856847893157	.08705281332498566
25.1	1.6722133239519499	.26914364468631774	.00047714117696574327	.08755452291305707
25.2	1.6689600407488265	.2720192475422931	.0004776615936130496	.08805740282039107
25.3	1.6656853355704115	.274915405493375	.0004781798440532135	.08856144145624828
25.4	1.6623891843499736	.27783215137545514	.000478695953771901	.0890666270944334
25.5	1.6590715644917318	.2807695166555671	.0004792099481240386	.08957294787280372
25.6	1.655732454886599	.28372753141649365	.0004797218523497702	.0900803917927776
25.7	1.6523718359279271	.2867062243413757	.00048023169159041424	.09058894671884306
25.8	1.6489898105825882	.28970549316544425	.00048074003788861353	.09109861095213914
25.9	1.6455862698645962	.29272546263082894	.00048124649858773263	.09160936400801636
26	1.6421611951322241	.29576616102094594	.0004817510821953331	.0921211930195463
26.1	1.6387145750961287	.2988276089657711	.00048225382333219	.09263408548639067
26.2	1.635246400148614	.30190982551115597	.00048275475705408533	.09314802877760081
26.3	1.631756662381417	.3050128281012522	.00048325391887699023	.09366301013130465
26.4	1.6282453556034928	.3081366325609344	.0004837513448022466	.09417901665439347
26.5	1.624712475358801	.3112812530782251	.000484247071341749	.09469603532220877
26.6	1.621158018944092	.3144467021867175	.00048474113554312665	.09521405297822913
26.7	1.6175819854266915	.317632990748	.0004852335750149251	.095733056333757
26.8	1.6139843756622876	.32084012793408034	.0004857244279517883	.0962530319676057
26.9	1.6103651923127165	.3240681212098083	.0004862137331596404	.09677396632578607
27	1.6067244398637468	.327316976315301	.0004867015300808674	.0972958457211935
27.1	1.603062124642868	.33058669724836537	.0004871878588194995	.09781865633329463
27.2	1.5993782548370736	.33387728624692287	.0004876727601663923	.0983423842078143
27.3	1.595672840510649	.3371887437714333	.0004881562756244094	.09886701525642239
27.4	1.5919458936229562	.3405210684873182	.0004886384474336036	.0993925352564206
27.5	1.5881974280462199	.34387425724738513	.0004891193185963994	.09991892985042938
27.6	1.5844274595833132	.34724830507425125	.0004895989329027742	.10044618454607475
27.7	1.5806360059855444	.3506432051427671	.0004900773349554407	.10097428471567509
27.8	1.576823086970441	.35405894876244104	.0004905545701950284	.1015032155959281
27.9	1.5729887242395375	.3574955253598622	.000491030684925266	.10203296228759758
28	1.5691329414961595	.36095292246112515	.0004915057263381625	.10256350975520029
28.1	1.5652558224350157	.36443106627096	.0004919782601651265	.10309484671184296
28.2	1.561357361557783	.36792997454158227	.0004924491858925188	.10362695561968707
28.3	1.5574375779128156	.37144964002507647	.0004929188288485652	.10415982031104318
28.4	1.5534965045946645	.37499004123381263	.0004933872091869922	.10469342528314525
28.5	1.549534176845171	.3785511546338185	.0004938543466291788	.1052277548992058
28.6	1.545550632072407	.38213295462602126	.0004943202604598679	.10576279338817976
28.7	1.5415459098696125	.3857354135274912	.0004947849695228794	.10629852484452873
28.8	1.5375200520341326	.38935850155268487	.0004952484922168221	.10683493322798501
28.9	1.5334731025863588	.3930021867946869	.0004957108464908061	.10737200236331564
29	1.529405107788664	.3966664352064541	.0004961720498401552	.10790971594008655
29.1	1.5253161161643434	.40035121058205775	.000496632119302119	.10844805751242664
29.2	1.5212061785165518	.4040564745379262	.0004970910714515853	.1089870104987918
29.3	1.517075347947241	.407782186494089	.0004975489223967923	.10952655818172909
29.4	1.5129236798760999	.41152830365541815	.0004980056877750412	.11006668370764072
29.5	1.5087512320594916	.4152947809928726	.000498461382748408	.1106073700865483
29.6	1.504558064609392	.41908157122474005	.0004989160219994563	.11114860019185674
29.7	1.5003442400123281	.42288862479788014	.0004993696197269493	.1116903567601184
29.8	1.4961098231483165	.426715889868968	.0004998221896415621	.11223262239079729
29.9	1.491854881309802	.4305633122857361	.0005002737449615943	.11277537954603294
30	1.4875794842205943	.434430835568218	.0005007242984086817	.11331861055040471
30.1	1.4832837040548086	.43831840088999086	.0005011738622035094	.11386229759069573
30.2	1.4789676154558025	.44222594705941837	.0005016224480615231	.11440642271565699
30.3	1.474631295555114	.446153410500894	.0005020700671886425	.11495096783577154
30.4	1.4702754683195869	.4501000211850419	.0005025165710097756	.11549599456584954
30.5	1.4658999525428031	.45406599617794263	.0005029620343290283	.11604145499326801
30.6	1.4615045465927576	.4580515765164276	.0005034065373725186	.11658729647129107
30.7	1.4570893363049062	.46205668978552444	.0005038500894809939	.11713350109348594
30.8	1.4526544095321456	.46608126165139996	.0005042926995920234	.11768005082251831
30.9	1.4481998561448137	.47012521586135847	.000504734376239998	.11822692749015219
31	1.4437257680306894	.47418847424384347	.0005051751275561305	.11877411279725006
31.1	1.4392322390949923	.4782709567084363	.0005056149612684555	.11932158831377276
31.2	1.4347193652603836	.4823725812458568	.0005060538847018293	.11986933547877951
31.3	1.4301872444669645	.48649326392796355	.0005064919047779301	.12041733560042797
31.4	1.4256359766722781	.49063291890775307	.0005069290280152576	.12096556985597419
31.5	1.421065663851308	.4947914584193607	.0005073652605291338	.12151401929177265
31.6	1.4164764099964788	.4989687927780599	.0005078006080317022	.12206266482327614
31.7	1.4118683211176564	.5031648303802625	.0005082350758319281	.12261148723503593
31.8	1.407241505242147	.507379477703519	.0005086686688355984	.1231604671807017
31.9	1.4025960724146986	.5116126393065179	.0005091013915453223	.12370958518302143
32	1.3979321346974996	.5158642178290868	.0005095332480605304	.12425882163384164
32.1	1.3932498061701795	.5201341139921909	.0005099642420774752	.12480815679410716
32.2	1.388549202929809	.5244222265979342	.0005103943768892308	.12535757079386123
32.3	1.3838304430908999	.5287284525295588	.0005108236553856935	.12590704363224545
32.4	1.379093646785404	.533052686751446	.0005112520800535812	.12645655517749996
32.5	1.3743389361627154	.5373948223091147	.0005116796529764334	.12700608516696316
32.6	1.3695664353896682	.5417547503292224	.0005121063758346117	.1275556132070719
32.7	1.3647762706505377	.546132360019565	.0005125322499052993	.12810511877336148
32.8	1.359968570147041	.5505275386690767	.0005129572760625013	.12865458121046544
32.9	1.3551434640983349	.5549401716478307	.0005133814547770444	.12920397973211595
33	1.3503010847410175	.559370142407038	.0005138047861165775	.12975329342114342
33.1	1.3454415663291286	.563817332479048	.0005142272697455708	.1303025012294767
33.2	1.3405650451341486	.5682816214773488	.0005146489049253167	.13085158197814303
33.3	1.3356716594449989	.5727628870965663	.0005150696905139291	.13140051435726804
33.4	1.330761549568041	.577261005112466	.0005154896249663438	.13194927692607583
33.5	1.3258348578270787	.5817758493819507	.0005159087063343185	.13249784811288887
33.6	1.3208917285633561	.5863072918430621	.0005163269322664327	.13304620621512797
33.7	1.3159323081355585	.5908552025149798	.0005167443000080874	.13359432939931237
33.8	1.3109567449198125	.5954194494980222	.0005171608064015055	.13414219570105973
33.9	1.3059651893096842	.5999998989736466	.0005175764478857321	.13468978302508616
34	1.3009577937161825	.6045964152044477	.0005179912204966336	.13523706914520608
34.1	1.2959363681947524	.6092070706765208	.0005184079488084336	.13578420690659965
34.2	1.2909023414118015	.6138303504484164	.0005188288018720841	.1363313084505876
34.3	1.2858533914024584	.618468794556088	.0005192495362486652	.1368780886736462
34.4	1.2807896978114435	.6231222388690114	.0005196701791064423	.13742452685395684
34.5	1.2757114426040475	.6277905170100943	.0005200907577284535	.13797060217087698
34.6	1.2706188100661313	.6324734603556778	.0005205112995125105	.13851629370494034
34.7	1.265511986804126	.6371708980355358	.0005209318319711981	.1390615804378569
34.8	1.2603911617450325	.6418826569328754	.0005213523827318744	.13960644125251281
34.9	1.2552565261364212	.6466085616843371	.0005217729795366711	.14015085493297053
35	1.2501082735464337	.6513484346799936	.0005221936502424929	.14069480016446861
35.1	1.2449465998637812	.6561020960633511	.0005226144228210179	.14123825553342195
35.2	1.2397717032977447	.6608693637313485	.0005230353253586975	.1417811995274216
35.3	1.234583784378176	.6656500533343576	.0005234563860567562	.14232361053523476
35.4	1.2293830459554953	.6704439782761838	.0005238776332311922	.14286546684680504
35.5	1.2241696932006951	.6752509497140651	.0005242990953127765	.1434067466532521
35.6	1.2189439336053365	.6800707765586723	.0005247208008470539	.14394742804687188
35.7	1.2137059769815512	.6849032654741094	.0005251427784943422	.1444874890211366
35.8	1.2084560354620413	.6897482208779131	.0005255650570297324	.14502690747069452
35.9	1.2031943235000775	.6946054449410538	.000525987665343089	.14556566119137035
36	1.1979210578695023	.6994747375879344	.0005264106324390499	.14610372788016487
36.1	1.1926364576647273	.7043558964963906	.000526833987437026	.14664108513525514
36.2	1.1873407443007347	.7092487170976914	.0005272577595712016	.14717771045599443
36.3	1.1820341415130768	.7141529925765384	.0005276819781905343	.14771358124291215
36.4	1.176716875357875	.7190685138710673	.0005281066727587553	.14824867479771411
36.5	1.1713891742118214	.7239950696728453	.0005285318728543684	.14878296832328217
36.6	1.166051268772179	.7289324464268735	.0005289576081706514	.14931643892367447
36.7	1.1607033920567793	.7338804283315857	.000529383908515655	.14984906360412542
36.8	1.1553457794040258	.7388387973388485	.0005298108038122032	.1503808192710455
36.9	1.1499786684728897	.7438073331539624	.0005302383240978937	.15091168273202163
37	1.1446022992429141	.7487858132356597	.0005306664995250969	.15144163069581681
37.1	1.1392169140142117	.7537740127961066	.000531095360360957	.15197063977237024
37.2	1.1338227574074649	.7587717048009015	.0005315249369873911	.15249868647279743
37.3	1.128420076363927	.763778659969076	.0005319552599010899	.15302574720939
37.4	1.12300912014542	.7687946467730956	.0005323863597135171	.15355179829561594
37.5	1.1175901403343373	.7738194314388578	.0005328182671509102	.15407681594611936
37.6	1.1121633908336417	.7788527779456932	.0005332510130542794	.15460077627672056
37.7	1.1067291278668663	.7838944480263658	.0005336846283794085	.15512365530441613
37.8	1.1012877488895703	.7889440120116635	.0005341184844301535	.15564549681900416
37.9	1.0958408433758189	.7939994179768819	.0005345463020970634	.1561669257934851
38	1.0903873633371544	.7990622063372784	.0005349743401633631	.15668727731374704
38.1	1.0849275810086152	.8041321206761779	.0005354025980831462	.1572065302893663
38.2	1.079461771062771	.8092089021710731	.0005358310748697698	.15772466358824175
38.3	1.0739902106097223	.814292289593625	.0005362597690958549	.15824165603659504
38.4	1.0685131791970992	.8193820193096633	.0005366886788932856	.15875748641897064
38.5	1.063030958810063	.8244778252791848	.0005371178019532097	.1592721334782356
38.6	1.0575438338713061	.8295794390563549	.0005375471355260386	.15978557591557965
38.7	1.0520520912410507	.8346865897895069	.0005379766764214473	.1602977923905153
38.8	1.0465560202170505	.8397990042211422	.0005384064210083741	.16080876152087778
38.9	1.0410559125345882	.8449164066879308	.000538836365215021	.161318461882825
39	1.0355520623664791	.8500385191207103	.0005392665045288535	.1618268720108376
39.1	1.0300447663230676	.8551650610444863	.0005396968339966007	.16233397039771885
39.2	1.0245343234522297	.8602957495784328	.0005401273482242553	.16283973549459482
39.3	1.019021035239372	.8654302994358913	.0005405580413770732	.16334414571091424
39.4	1.0135052056074303	.8705684229243728	.0005409889071795743	.16384717941444862
39.5	1.0079871409168726	.8757098299455549	.0005414199389155416	.16434881493129208
39.6	1.002467149965697	.8808542279952839	.000541851129428022	.1648490305458615
39.7	.9969455439894319	.8860013221635741	.0005422824711193258	.16534780450089648
39.8	.9914226366611372	.8911508151346077	.0005427139559510267	.16584511499745921
39.9	.9858987440914019	.8963024071867359	.0005431455754439622	.16634094019493484
40	.9803741848283468	.901455796192477	.0005435773206782333	.16683525821103098
40.1	.9748492798576233	.9066106776185177	.0005440091822932042	.16732804712177807
40.2	.9693243526024128	.9117667445257127	.000544441150487503	.16781928496152923
40.3	.9637997289234281	.9169236875690847	.0005448732150190212	.16830894972296026
40.4	.9582757371189115	.9220811949978254	.0005453053652049141	.16879701935706976
40.5	.9527527079246367	.9272389526552934	.0005457375899216	.16928347177317893
40.6	.9472309745139081	.9323966439790161	.0005461698776047612	.16976828483893178
40.7	.9417108724975605	.9375539500006886	.0005466022162493434	.17025143638029494
40.8	.9361927399239593	.9427105493461742	.0005470345934095557	.17073290418155773
40.9	.930676917279	.9478661182355047	.000547466996198871	.17121266598533233
41	.9251637474861097	.9530203304828796	.0005478994112900256	.1716906994925535
41.1	.9196535759062454	.9581728574966664	.0005483318249150193	.17216698236247874
41.2	.914146750337895	.9633233682794009	.0005487642228651156	.17264149221268824
41.3	.9086436210170774	.9684715294277866	.0005491965904908412	.1731142066190849
41.4	.9031445406173407	.9736170051326961	.0005496289127019867	.17358510311589437
41.5	.8976498642497652	.9787594571791692	.0005500611739676062	.174054159195665
41.6	.8921525467844531	.9839050798441014	.000550497965840755	.17452250320699453
41.7	.8866576318499593	.9890493954995964	.0005509363567482028	.17498938439110326
41.8	.8811672507554618	.9941904971857332	.0005513752288591253	.17545450510608973
41.9	.8756817281820488	.9993280725342144	.000551814589888263	.17591784892461318
42	.8702013905584212	1.0044618073799527	.0005522544475390347	.17637939948491765
42.1	.8647265660608899	1.0095913857610732	.000552694809503538	.17683914049083202
42.2	.8592575846133773	1.014716489918913	.0005531356834625492	.17729705571176996
42.3	.8537947778874169	1.0198368002980196	.000553577077085523	.17775312898272994
42.4	.8483384793021519	1.0249519955461548	.0005540189980305932	.17820734420429535
42.5	.8428890240243379	1.0300617525142897	.0005544614539445714	.17865968534263432
42.6	.8374467489683409	1.035165746256608	.0005549044524629487	.17911013642949986
42.7	.832011992796138	1.0402636500305051	.000555348001209894	.1795586815622297
42.8	.8265850959173178	1.0453551352965882	.0005557921077982556	.18000530490374647
42.9	.8211664004890782	1.0504398717186765	.00055623677982956	.18044999068255765
43	.8157562504162298	1.0555175271638004	.0005566820248940123	.18089272319275548
43.1	.8103549913511935	1.0605877677022022	.0005571278505704961	.18133348679401706
43.2	.8049629706940012	1.065650257607336	.0005575742644265741	.18177226591160425
43.3	.7995805375922964	1.0707046593558671	.0005580212740184872	.18220904503636376
43.4	.794208042941332	1.075750633627674	.000558468886891155	.18264380872472724
43.5	.7888458393839732	1.0807878393058454	.000558917110578176	.18307654159871095
43.6	.7834942813106961	1.0858159334766824	.0005593659526018268	.18350722834591615
43.7	.7781537248595874	1.0908345714296974	.000559815420473063	.1839358537195288
43.8	.7728245279163454	1.095843406657615	.0005602655216915188	.18436240253831973
43.9	.767507050114278	1.1008420908563716	.0005607162637455068	.18478685968664463
44	.7622016528343053	1.1058302739251151	.0005611676541120186	.18520921011444397
44.1	.7569086992049582	1.1108076039662047	.0005616197002567239	.18562943883724303
44.2	.7516285541023783	1.1157737272852122	.0005620724096339715	.18604753093615192
44.3	.7463615841503186	1.12072828839092	.0005625257896867885	.18646347155786558
44.4	.7411081577201423	1.1256709299953236	.0005629798478468808	.18687724591466381
44.5	.7358686449308242	1.1306012930136293	.0005634345915346329	.18728883928441117
44.6	.7306434176489499	1.1355190165642555	.0005638900281591079	.18769823701055705
44.7	.7254328494887162	1.140423737968832	.0005643461651180473	.1881054245021357
44.8	.7202373158119308	1.1453150927522	.0005648030097978716	.1885103872337661
44.9	.7150571937280118	1.150192714642414	.0005652605695736797	.1889131107456522
45	.7098928620939889	1.1550562355707386	.0005657188518092491	.18931358064358267
45.1	.7047447015145027	1.1599052856716507	.0005661778638570361	.189711782598931
45.2	.6996130943418047	1.164739493282839	.0005666376130581753	.19010770234865554
45.3	.6944873049491586	1.1695691627574791	.0005670917276379493	.19050192341987082
45.4	.6893660963341041	1.174395477195169	.0005675392839270895	.19089451891461953
45.5	.6842603249892873	1.179208006695089	.0005679862949732205	.19128491202640202
45.6	.6791702833991093	1.1840064654167772	.0005684327125070496	.19167309396099125
45.7	.6740962641239832	1.1887905673281516	.0005688784872890091	.19205905607959936
45.8	.6690385598003348	1.193560026205507	.0005693235691092567	.19244278989887761
45.9	.6639974631406012	1.198314555633519	.0005697679067876743	.19282428709091654
46	.6589732669332324	1.2030538690052408	.0005702114481738694	.19320353948324567
46.1	.6539662640426913	1.2077776795221038	.0005706541401471738	.1935805390588338
46.2	.6489767474094519	1.2124857001939187	.0005710959286166446	.1939552779560888
46.3	.6440050100500017	1.2171776438388742	.0005715367585210639	.1943277484688577
46.4	.6390513450568388	1.2218532230835386	.0005719765738289384	.19469794304642682
46.5	.634116045598475	1.226512150362858	.0005724153175385001	.19506585429352147
46.6	.6291994049194339	1.2311541379201578	.0005728529316777055	.1954314749703062
46.7	.6243017163402514	1.2357788978071413	.0005732893573042364	.19579479799238467
46.8	.619423273257476	1.2403861418838908	.0005737245345054993	.19615581643079974
46.9	.6145643691436673	1.2449755818188677	.0005741584023986258	.19651452351203338
47	.6097252975473985	1.2495469290889114	.0005745908991304722	.1968709126180068
47.1	.6049063520932544	1.2540998949792401	.0005750219618776199	.19722497728608024
47.2	.6001078264818321	1.2586341905834506	.0005754515268463752	.19757671120905318
47.3	.5953300144897417	1.2631495268035184	.0005758795292727692	.1979261082351642
47.4	.590573209969604	1.2676456143497983	.0005763059034225582	.19827316236809117
47.5	.5858377068500535	1.2721221637410225	.000576730582591223	.19861786776695092
47.6	.5811237991357365	1.2765788853043027	.0005771534991039698	.19896021874629957
47.7	.5764317809073114	1.281015489175129	.0005775745843157295	.19930020977613233
47.8	.5717619463214495	1.28543168529737	.0005779937686111576	.1996378354818836
47.9	.5671145896108332	1.289827183423273	.0005784109814046352	.19997309064442695
48	.5624900050841579	1.2942016931134646	.0005788261511402679	.20030597020007504
48.1	.5578884871261316	1.2985549237369491	.0005792392052918862	.20063646924057976
48.2	.553310330197474	1.3028865844711097	.0005796500703630456	.2009645830131321
48.3	.5487558288349175	1.3071963843017083	.0005800586718870265	.2012903069203622
48.4	.544225277651206	1.3114840320228858	.0005804649344268346	.20161363652033942
48.5	.5397189713350965	1.3157492362371614	.0005808687815751998	.20193456752657224
48.6	.5352372046513578	1.3199917053554329	.0005812701359545775	.20225309580800827
48.7	.5307802724407713	1.324211147596977	.0005816689192171478	.20256921738903427
48.8	.5263484696201307	1.328407270989448	.0005820650520448157	.2028829284494762
48.9	.5219420911822411	1.332579783368881	.0005824584541492114	.2031942253245992
49	.517556197095818	1.336733510257892	.0005828505014116995	.20350325885811885
49.1	.5131745136214488	1.3408843569908533	.0005832457233937123	.20381051421733923
49.2	.5088165240351297	1.3450132724236854	.0005836386960845464	.2041154224583867
49.3	.5044824113669926	1.3491200733788362	.0005840293665630997	.2044179838483834
49.4	.5001723567757346	1.3532045783909723	.0005844176814800475	.20471819886730952
49.5	.4958865395486206	1.3572666077069782	.000584803587057843	.20501606820800347
49.6	.4916251371014814	1.361305983285956	.0005851870290907177	.20531159277616173
49.7	.48738832497871404	1.3653225287992268	.0005855679529446804	.20560477369033897
49.8	.48317627685328235	1.3693160696303295	.0005859463035575178	.20589561228194794
49.9	.47898916452671564	1.3732864328750218	.0005863220254387949	.2061841100952596
50	.47482715792911057	1.3772334473412793	.0005866950626698541	.20647026888740305
50.1	.4706904251191299	1.3811569435492954	.0005870653589038159	.20675409062836547
50.2	.4665791322840026	1.3850567537314822	.0005874328573655782	.2070355775009922
50.3	.46249344373952456	1.3889327118324697	.0005877975008518175	.20731473190098673
50.4	.45843352193005704	1.392784653509107	.0005881592317309875	.20759155643691074
50.5	.4543995274285286	1.3966124161304603	.00058851799194332	.20786605393018395
50.6	.450391618936434	1.4004158387778145	.0005888737230008247	.2081382274150843
50.7	.44640995328383415	1.4041947622446727	.000589226365987289	.20840808013874784
50.8	.4424546854293569	1.407949029036756	.0005895758615582781	.20867561556116876
50.9	.4385259684601955	1.4116784833720046	.0005899221499411355	.2089408373551994
51	.4346239535921104	1.415382971180576	.0005902651709349817	.2092037494065502
51.1	.43074879016942835	1.4190623401048463	.000590604863910716	.20946435581378983
51.2	.4269006256650423	1.4227164394994096	.0005909411678110148	.209722660888345
51.3	.4230796056804119	1.426345120431078	.0005912740211503327	.2099786691545006
51.4	.4192858739455625	1.429948235678883	.0005916033620149022	.21023238534939973
51.5	.4155195723190865	1.433525639734073	.0005919291280627334	.2104838144230435
51.6	.4117808407881425	1.4370771888001155	.0005922512565236144	.21073296153829124
51.7	.40806981746845544	1.4406027407926953	.0005925696841991113	.2109798320708604
51.8	.404386638604317	1.4441021553397162	.0005928843474625675	.2112244316093266
51.9	.40073143856858445	1.4475752937813005	.0005931951822591049	.21146676595512356
52	.39710434986268217	1.4510220191697878	.0005935021241056228	.21170684112254315
52.1	.3935055031166007	1.4544421962697365	.0005938051080907987	.2119446633387354
52.2	.38993502708889693	1.457835691557923	.0005941040688750874	.21218023904370847
52.3	.38639304866669455	1.461202373223342	.0005943989406907223	.2124135748903286
52.4	.3828796928656827	1.4645421111672066	.0005946896573417139	.2126446777443203
52.5	.37939508283011775	1.4678547770029478	.0005949761522038511	.21287355468426614
52.6	.37593933983282224	1.4711402440562154	.0005952583582247002	.2131002130016068
52.7	.37251258327518505	1.4743983873648763	.0005955362079236059	.21332466020064117
52.8	.3690890502214995	1.4776543580227233	.0005958293756610133	.21354768583810535
52.9	.3656895124497448	1.4808878621400776	.0005961220360930196	.2137686738300592
53	.3623164047369848	1.484096513259201	.0005964123499448457	.2139875622031018
53.1	.3589697165668103	1.487280312831532	.0005967003414172013	.2142043630115933
53.2	.35564943345324584	1.490439266069721	.000596986035883082	.21441908858613576
53.3	.3523555369407495	1.4935733819476322	.0005972694598877695	.21463175153357328
53.4	.3490880046042123	1.496682673200342	.0005975506411488322	.21484236473699192
53.5	.34584681004895934	1.4997671563241397	.0005978296085561248	.21505094135571975
53.6	.3426319229107491	1.502826851576527	.000598106392171788	.21525749482532677
53.7	.3394433088557737	1.5058617829762184	.0005983810232302491	.215462038857625
53.8	.3362809295806586	1.5088719783031412	.0005986535341382216	.21566458744066838
53.9	.3331447428124625	1.5118574690984359	.0005989239584747052	.21586515483875293
54	.3300347023086781	1.5148182906644547	.0005991923309909863	.2160637555924166
54.1	.3269507578572314	1.5177544820647635	.0005994586876106371	.21626040451843934
54.2	.323892855276482	1.52066608612414	.0005997230654295164	.21645511670984302
54.3	.32086093641522306	1.523553149428575	.0005999855027157693	.21664790753589155
54.4	.3178549391526808	1.5264157223252726	.0006002460389098271	.21683879264209083
54.5	.31487479739851554	1.529253858922649	.0006005047146244076	.2170277879501887
54.6	.3119204410928207	1.5320676170903331	.0006007615716445147	.217214909658175
54.7	.3089917962061235	1.5348570584591668	.0006010166529274388	.21740017424028155
54.8	.3060887847393847	1.5376222484212039	.0006012700026027564	.21758359844698216
54.9	.3032113247239981	1.5403632561297125	.0006015216659723305	.2177651993049926
55	.30035933022179145	1.5430801544991721	.0006017716895103103	.21794499411727067
55.1	.29753271132502596	1.5457730202052753	.0006020201208631313	.2181230004630161
55.2	.29473137415639616	1.548441933684927	.0006022670088495155	.21829923619767064
55.3	.2919552208690306	1.5510869791362458	.0006025124034604709	.21847371945291794
55.4	.28920414964649044	1.5537082445185626	.0006027563558592922	.21864646863668374
55.5	.28647805470277116	1.5563058215524204	.0006029989183815599	.21881750243313572
55.6	.2837768262823014	1.5588798057195752	.0006032401445351413	.21898683980268352
55.7	.2811003506599434	1.5614302962629965	.0006034800890001899	.21915449998197878
55.8	.27844851014099303	1.5639573961868654	.0006037188076291451	.2193205024839151
55.9	.2758211830611793	1.5664612122565764	.0006039563574467333	.21948486709762813
56	.2732182437866651	1.5689418549987368	.0006041927966499666	.2196476138884954
56.1	.2706395627140466	1.571399438701166	.0006044281846081437	.2198087631981365
56.2	.26808500627035375	1.5738340814128966	.0006046625818628496	.21996833564441295
56.3	.26555443691304986	1.5762459049441735	.0006048960501279557	.2201263521214283
56.4	.26304771313003156	1.578635034866455	.0006051286522896193	.22028283379952807
56.5	.26056606044452346	1.5810010874988638	.0006053425540330993	.22043668200133845
56.6	.25810899573796464	1.583344320789584	.000605542176592759	.22058819105904814
56.7	.25567555640034845	1.5856651743825834	.0006057381502801844	.22073804408695905
56.8	.25326559473279076	1.5879637852677333	.0006059304161490176	.22088625544234966
56.9	.2508789592337698	1.5902402941336553	.0006061189142459408	.22103283962235798
57	.2485154945991265	1.592494845367721	.0006063035836106769	.2211778112639814
57.1	.24617504172206423	1.5947275870560516	.0006064843622759893	.22132118514407675
57.2	.24385743769314874	1.5969386709835178	.0006066611872676816	.22146297617936034
57.3	.24156251580030852	1.5991282526337411	.000606833994604598	.22160319942640785
57.4	.23929010552883392	1.6012964911890928	.0006070027192986229	.22174187008165455
57.5	.23704003256137837	1.6034435495306933	.0006071672953546812	.22187900348139503
57.6	.2348121187779575	1.6055695942384136	.0006073276557707384	.2220146151017833
57.7	.2326061822559495	1.6076747955908746	.0006074837325378002	.22214872055883297
57.8	.2304220372700951	1.6097593275654465	.0006076354566399128	.22228133560841692
57.9	.22825949429249714	1.61182336783825	.0006077827580541628	.2224124761462676
58	.22611835999262128	1.6138670977841558	.0006079255657506771	.22254215820797685
58.1	.22399843723729557	1.6158907024767841	.0006080638076926234	.22267039796899593
58.2	.2218995250907105	1.617894370688505	.0006081974108362093	.22279721174463563
58.3	.21982141881441924	1.6198782948904387	.0006083263011306833	.22292261599006608
58.4	.2177639098673369	1.6218426712524552	.0006084504035183338	.22304662730031694
58.5	.21572678590574154	1.6237876996431748	.0006085696419344901	.22316926241027726
58.6	.21370983078327357	1.625713583629967	.0006086839393075218	.22329053819469555
58.7	.21171282455093582	1.6276205304789517	.0006087932175588386	.2234104716681798
58.8	.20973554345709375	1.6295087511549986	.000608897397602891	.22352907998519736
58.9	.2077777599474749	1.6313784603217272	.0006089963993471697	.22364638044007515
59	.20583924266516967	1.6332298763415072	.0006090901416922059	.2237623904669994
59.1	.20391975645063082	1.635063221275458	.0006091785425315711	.22387712764001585
59.2	.2020190623416735	1.6368787208834483	.0006092615187518775	.22399060967302975
59.3	.20013691757347557	1.638676604624098	.0006093389862327776	.22410285441980562
59.4	.19827307557857693	1.640457105654776	.000609410859846964	.22421387987396763
59.5	.19642728598688028	1.6422204608316013	.0006094770534601701	.22432370416899922
59.6	.19459929462565073	1.643966910709443	.0006095374799311695	.22443234557824338
59.7	.1927888435195159	1.6456966995419198	.0006095920511117764	.22453982251490254
59.8	.19099567089046585	1.6474100752814	.0006096406778468453	.22464615353203848
59.9	.1892195111578529	1.6491072895790029	.0006096832699742711	.22475135732257256
60	.18746009493839214	1.6507885977845969	.0006097197363249891	.22485545271928548
60.1	.185717149046161	1.6524542589468003	.0006097499847229752	.22495845869481743
60.2	.18399733993401646	1.65409774916107	.0006097911166608785	.2250601623827568
60.3	.182309672122715	1.6557102592327386	.000609866032011441	.22516027281515152
60.4	.18063986085016445	1.6573057433378269	.0006099399656874961	.2252592771268845
60.5	.17898771308918116	1.6588843821041934	.0006100130576568276	.22535719166376592
60.6	.17735303366101063	1.660446358244662	.000610085450968946	.2254540328563036
60.7	.17573562523532787	1.6619918565570226	.00061015729175509	.22554981721970296
60.8	.17413528833023725	1.6635210639240303	.0006102287292282254	.22564456135386715
60.9	.17255182131227215	1.6650341693134068	.0006102999156830458	.2257382819433969
61	.17098502039639568	1.666531363777838	.0006103710064959721	.22583099575759064
61.1	.1694346796460002	1.6680128404549772	.0006104421601251529	.2259227196504444
61.2	.16790059097290738	1.669478794567442	.0006105135381104645	.22601347056065185
61.3	.16638254413736836	1.6709294234228165	.0006105853050735104	.2261032655116044
61.4	.16488032674806335	1.67236492641365	.0006106576287176217	.22619212161139102
61.5	.1633937242621022	1.6737855050174577	.0006107306798278573	.22628005605279836
61.6	.16192251998502402	1.6751913627967208	.0006108046322710034	.2263670861133107
61.7	.16046649507079724	1.6765827053988853	.0006108796629955737	.22645322915511
61.8	.15902542852181983	1.6779597405563638	.0006109559520318098	.22653850262507585
61.9	.1575990971889187	1.6793226780865342	.0006110336824916802	.22662292405478549
62	.1561872757713505	1.68067172989174	.0006111130405688816	.22670651106051382
62.1	.15478973681680108	1.6820071099592906	.0006111942155388379	.22678928134323337
62.2	.15340625072138567	1.6833290343614609	.0006112773997587006	.22687125268861433
62.3	.15203658572964895	1.6846377212554913	.0006113627886673485	.22695244296702452
62.4	.1506805079345647	1.6859333908835883	.0006114505807853885	.22703287013352946
62.5	.14933778127753622	1.6872162655729241	.0006115409777151543	.22711255222789226
62.6	.1480081675483962	1.6884865697356362	.000611634184140708	.2271915073745737
62.7	.14669142638540664	1.689744529868828	.0006117304078278384	.2272697537827322
62.8	.14538731527525894	1.6909903745545685	.0006118298596240624	.22734730974622389
62.9	.14409558955307367	1.6922243344598926	.0006119327534586242	.22742419364360242
63	.14281600240240092	1.6934466423368006	.0006120393063424956	.22750042393811923
63.1	.14154830485522013	1.6946575330222586	.000612149738368376	.22757601917772333
63.2	.14029224579194005	1.6958572434381984	.000612264272710692	.2276509979950614
63.3	.13904757194139886	1.6970460125915172	.0006123831356255983	.2277253791074777
63.4	.1378140278808639	1.6982240815740788	.0006125065564509766	.2277991813170143
63.5	.136591356036032	1.6993916935627114	.0006126347676064366	.22787242351041073
63.6	.13537929668102944	1.7005490938192098	.0006127680045933151	.22794512465910433
63.7	.13417758793841164	1.7016965296903341	.0006129065059946767	.22801730381923
63.8	.13298596577916363	1.7028342506078102	.0006130505134753136	.22808898013162027
63.9	.13180482487374331	1.7039618909123078	.0006131989385494587	.22816011636608616
64	.13066161924470773	1.7050538139950324	.000613296100650123	.2282283635450423
64.1	.12953053197624267	1.7061341336351052	.0006133937892728531	.22829592346474373
64.2	.12841141273661405	1.7072029933834787	.0006134920116683317	.2283628051565655
64.3	.12730411117076137	1.7082605368884796	.0006135907738753493	.22842901755476705
64.4	.12620847690029657	1.7093069078958114	.0006136900807208044	.228494569496492
64.5	.1251243595235053	1.7103422502485524	.0006137899358197024	.2285594697217684
64.6	.12405160861534573	1.7113667078871573	.0006138903415751571	.22862372687350865
64.7	.12299007372744912	1.7123804248494559	.0006139912991783892	.22868734949750935
64.8	.12193960438812027	1.7133835452706532	.0006140928086087276	.22875034604245148
64.9	.12090005010233634	1.714376213383331	.0006141948686336084	.22881272485990037
65	.11987126035174825	1.7153585735174455	.0006142974768085753	.22887449420430564
65.1	.11885308459467947	1.716330770100329	.00061440062947728	.22893566223300119
65.2	.11784537226612651	1.7172929476566896	.0006145043217714811	.2289962370062053
65.3	.11684797277775942	1.7182452508086103	.0006146085476110456	.22905622648702054
65.4	.1158607355179207	1.719187824275551	.0006147132997039476	.2291156385414338
65.5	.11488350985162646	1.7201208128743455	.0006148185695462689	.2291744809383163
65.6	.11391614512056544	1.7210443615192044	.000614924347422199	.22923276134942358
65.7	.11295849064309949	1.721958615221714	.0006150306224040349	.22929048734939547
65.8	.11201039571426386	1.722863719090835	.0006151373823521813	.22934766641575613
65.9	.11107170960576633	1.7237598183329048	.0006152446139151504	.2294043059289141
66	.11014228156598829	1.7246470582516362	.000615352302529562	.22946041317216212
66.1	.10922196081998378	1.7255255842481174	.0006154604324201436	.22951599533167738
66.2	.10831059656947985	1.7263955418208123	.0006155689865997303	.2295710594965213
66.3	.10740803799287706	1.7272570765655604	.0006156779468692648	.2296256126586396
66.4	.10651413424524846	1.7281103341755766	.0006157872938177973	.22967966171286242
66.5	.10562873445834069	1.7289554604414517	.0006158970068224855	.22973321345690412
66.6	.10475168774057304	1.7297926012511518	.0006160070640485951	.22978627459136344
66.7	.1038828431770379	1.730621902590019	.0006161174424494991	.22983885171972346
66.8	.10302204982950103	1.7314435105407704	.0006162281177666783	.22989095134835147
66.9	.10216915673640077	1.7322575712834996	.0006163390645297207	.22994257988649916
67	.10132401291284904	1.733064231095675	.0006164502560563224	.22999374364630257
67.1	.10048646735063038	1.7338636363521407	.0006165616644522867	.23004444884278197
67.2	.09965636901820245	1.7346559335251168	.0006166732606115249	.23009470159384202
67.3	.09883356686069628	1.7354412691841985	.0006167850142160555	.23014450792027163
67.4	.0980179097999155	1.7362197899963574	.000616896893736005	.23019387374574415
67.5	.09720924673433724	1.7369916427259395	.0006170088664296071	.2302428048968171
67.6	.09640742653911138	1.7377569742346675	.0006171208983432035	.2302913071029324
67.7	.09562228142154491	1.7385060445487817	.0006172368503670109	.2303392522381724
67.8	.09484856011710072	1.7392440515593641	.0006173546957860776	.23038671416943116
67.9	.09408262844560297	1.739974591765757	.0006174730377581432	.23043374500027633
68	.09332439450279151	1.7406977536781614	.0006175918606295327	.23048034927699207
68.1	.09257376738071596	1.7414136248943646	.0006177111479325977	.2305265314350857
68.2	.09183065716773617	1.7421222920997408	.0006178308823857155	.23057229579928754
68.3	.09109497494852242	1.74282384106725	.00061795104589329	.23061764658355105
68.4	.09036663280405474	1.7435183566574397	.0006180716195457511	.23066258789105282
68.5	.08964554381162376	1.7442059228184426	.0006181925836195551	.23070712371419244
68.6	.08893162204482992	1.7448866225859792	.0006183139175771845	.2307512579345927
68.7	.08822478257358385	1.7455605380833557	.0006184356000671479	.2307949943230994
68.8	.08752494146410664	1.7462277505214647	.0006185576089239802	.23083833653978147
68.9	.08683201577892914	1.746888340198786	.0006186799211682424	.23088128813393097
69	.08614592357689274	1.7475423865013853	.000618802513006522	.23092385254406295
69.1	.08546658391314874	1.7481899679029147	.0006189253598314325	.23096603309791564
69.2	.08479391683915853	1.7488311619646137	.0006190484362216137	.23100783301245037
69.3	.08412784340269402	1.7494660453353073	.0006191717159417315	.2310492553938515
69.4	.08346828564783686	1.7500946937514072	.0006192951719424783	.23109030323752652
69.5	.08281516661497923	1.7507171820369118	.0006194187763605723	.231130979428106
69.6	.08216841034082323	1.7513335841034061	.0006195425005187584	.23117128673944365
69.7	.0815279418583811	1.7519439729500614	.0006196663149258075	.23121122783461623
69.8	.08089368719697548	1.7525484206636355	.0006197901892765165	.2312508052659236
69.9	.08026557338223887	1.7531469984184727	.0006199140924517089	.2312900214748887
70	.07964352843611425	1.7537397764765035	.0006200379925182341	.23132887879225755
70.1	.07902748137685449	1.7543268241872458	.0006201618567289681	.23136737943799937
70.2	.07841736221902265	1.754908209987803	.0006202856515228127	.23140552552130633
70.3	.0778131019734922	1.7554840014028654	.0006204093425246964	.23144331904059381
70.4	.07721463264744641	1.75605426504471	.0006205328945455733	.2314807618835002
70.5	.07662188724437906	1.7566190666131998	.0006206562715824243	.231517855826887
70.6	.07603479976409383	1.7571784708957847	.0006207794368182562	.23155460253683885
70.7	.0754533052027046	1.7577325417675012	.0006209023526221022	.23159100356866347
70.8	.0748773395526356	1.7582813421909715	.0006210249805490216	.2316270603668916
70.9	.07430683980262096	1.7588249342164055	.0006211472813400999	.2316627742652772
71	.0737417439377052	1.7593633789815983	.000621269214922449	.2316981464867972
71.1	.07318199093924287	1.7598967367119325	.0006213907404092068	.23173317814365169
71.2	.07262752078489858	1.760425066720377	.0006215118160995376	.23176787023726386
71.3	.07207827444864741	1.7609484274074865	.0006216323994786317	.23180222365827996
71.4	.07153460722442356	1.7614662841581037	.0006217575831218598	.23183647071156316
71.5	.07099665700348079	1.761978414310285	.0006218897449940895	.23187072125407931
71.6	.07046385717471514	1.7624856049458257	.0006220224958145251	.231904689843949
71.7	.06993615686525045	1.7629879048449253	.0006221558416023321	.23193837926338234
71.8	.06941350627053511	1.7634853617722062	.0006222897884575395	.23197179222415168
71.9	.06889585665434145	1.763978022476714	.0006224243425610408	.2320049313675914
72	.06838316034876643	1.7644659326919179	.0006225595101745936	.23203779926459803
72.1	.06787537075423107	1.7649491371357102	.0006226952976408198	.2320703984156302
72.2	.06737244233948068	1.7654276795104065	.0006228317113832054	.23210273125070874
72.3	.06687433064158513	1.7659016025027454	.0006229687579061006	.23213480012941648
72.4	.06638099226593823	1.7663709477838891	.0006231064437947198	.23216660734089842
72.5	.06589238488625841	1.7668357560094228	.0006232447757151418	.2321981551038617
72.6	.06540846724458818	1.7672960668193554	.0006233837604143091	.2322294455665755
72.7	.06492919915129435	1.7677519188381183	.0006235234047200289	.23226048080687117
72.8	.0644545414850682	1.7682033496745666	.0006236637155409725	.23229126283214224
72.9	.06398445619292507	1.768650395921979	.0006238046998666751	.23232179357934424
73	.06351890629020487	1.7690930931580566	.0006239463647675364	.23235207491499485
73.1	.06305785586057157	1.7695314759449245	.0006240887173948201	.23238210863517392
73.2	.06260127005601346	1.7699655778291308	.0006242317649806543	.23241189646552338
73.3	.06214911509684331	1.7703954313416466	.0006243755148380312	.23244144006124723
73.4	.06170135827169795	1.7708210679978666	.000624519974360807	.2324707410071117
73.5	.06125796793753873	1.7712425182976086	.0006246651510237026	.232499800817445
73.6	.06081891351965113	1.7716598117251137	.0006248110523823025	.2325286209361376
73.7	.06038416551164491	1.7720729767490464	.0006249576860730557	.23255720273664196
73.8	.05995369547545433	1.772482040822494	.0006251050598132755	.23258554752197272
73.9	.05952747604133767	1.7728870303829676	.0006252531814011391	.2326136565247066
74	.05910548090787779	1.773287970852401	.0006254020587156881	.23264153090698256
74.1	.058687684841981634	1.7736848866371517	.0006255516997168283	.23266917176050145
74.2	.05827406367888044	1.7740778011280005	.0006257021124453297	.23269658010652647
74.3	.057864594322129946	1.7744667367001512	.0006258533050228264	.2327237568958828
74.4	.057459254743609925	1.7748517147132306	.0006260052856518168	.23275070300895773
74.5	.05705802398352469	1.775232755511289	.0006261580626156632	.23277741925570072
74.6	.056660882150402686	1.7756098784228005	.0006263116442785926	.2328039063756234
74.7	.056267810421096624	1.7759831017606618	.0006264660390856958	.23283016503779938
74.8	.055878791040783714	1.7763524428221926	.000626621255562928	.23285619584086448
74.9	.055493807322965216	1.7767179178891368	.0006267773023171084	.2328819993130166
75	.05511284364946692	1.7770795422276608	.0006269341880359207	.2329075759120158
75.1	.05473520930673029	1.7774379849738176	.0006270903520162489	.23293295648880707
75.2	.054357064132173685	1.7777969656215697	.0006272369208391909	.23295831376610932
75.3	.05398239574307781	1.7781526222371238	.0006273831880718888	.23298346777451506
75.4	.0536111711788603	1.7785049869598184	.0006275291125523722	.2330084196638986
75.5	.0532433581718664	1.7788540912769988	.0006276746523281854	.2330331705306093
75.6	.05287892514736855	1.779199966024017	.0006278197646563876	.2330577214174716
75.7	.05251784122356654	1.779542641384232	.0006279644060035527	.23308207331378517
75.8	.052160076211587705	1.7798821468890094	.0006281085320457693	.23310622715532459
75.9	.051805600615486516	1.7802185114177218	.0006282520976686408	.23313018382433973
76	.05145438563224503	1.7805517631977485	.0006283950569672857	.23315394414955548
76.1	.051106403151772506	1.7808819298044753	.0006285373632463371	.23317750890617187
76.2	.05076162575690556	1.7812090381612953	.0006286789690199427	.233200878815864
76.3	.05042002672340833	1.7815331145396078	.000628819826011765	.23322405454678208
76.4	.050081580019972136	1.7818541845588196	.0006289598851549818	.2332470367135515
76.5	.04974626030821583	1.7821722731863436	.0006290990965922849	.23326982587727266
76.6	.04941404294268549	1.7824874047376	.0006292374096758816	.23329242254552113
76.7	.049084903970854576	1.7827996028760158	.0006293747729674937	.23331482717234758
76.8	.048758820133124034	1.7831088906130241	.0006295111342383575	.23333704015827778
76.9	.048435768862821985	1.7834152903080658	.0006296464404692247	.23335906185031255
77	.04811572828620412	1.7837188236685875	.0006297806378503612	.23338089254192793
77.1	.04779867722245334	1.7840195117500435	.0006299136717815481	.233402532473075
77.2	.04748459518367991	1.7843173749558945	.0006300454868720811	.2334239818301799
77.3	.0471734623749216	1.784612433037608	.0006301760269407707	.233445240746144
77.4	.046865259694143374	1.7849047050946585	.0006303052350159422	.2334663093003437
77.5	.04655996873223771	1.785194209574527	.0006304330533354357	.23348718751863048
77.6	.04625757177302434	1.7854809642727012	.0006305594233466061	.233507875373331
77.7	.04595805179325037	1.7857649863326763	.000630684285706323	.233528372783247
77.8	.04566139246259036	1.7860462922459532	.0006308075802809711	.2335486796136553
77.9	.0453675781436461	1.7863248978520407	.0006309292461464494	.23356879567630784
78	.045076593891946896	1.7866008183384536	.0006310492215881719	.2335887207294317
78.1	.044788425455949306	1.786874068240714	.0006311674441010676	.23360845447772904
78.2	.04450305927703723	1.7871446614423503	.0006312838503895801	.2336279965723771
78.3	.04422048248952208	1.787412611174898	.0006313983763676677	.2336473466110283
78.4	.04394068292064245	1.7876779300178993	.0006315109571588037	.2336665041378101
78.5	.043663649090564464	1.7879406298989033	.000631621527095976	.23368546864332507
78.6	.0433893702123815	1.7882007220934661	.0006317300197216873	.23370423956465097
78.7	.04311783619211429	1.78845821722515	.0006318363677879555	.23372281628534056
78.8	.04284903762871105	1.7887131252655242	.0006319405032563124	.23374119813542177
78.9	.0425801568680895	1.7889678541235803	.0006320618223714424	.23375990558001933
79	.042313168942202856	1.789220719121434	.0006321865136479595	.23377856989569074
79.1	.042048552011246916	1.7894713137159333	.0006323111424417812	.23379710017257083
79.2	.04178628506694965	1.7897196575489984	.0006324357371937622	.2338154981945405
79.3	.04152634754726874	1.7899657698212146	.000632560327263806	.23383376573772952
79.4	.041268719336391334	1.7902096692918317	.0006326849429308662	.23385190457051655
79.5	.04101338076473431	1.7904513742787642	.0006328096153929452	.2338699164535291
79.6	.04076031260894404	1.7906909026585913	.0006329343767670949	.23388780313964358
79.7	.0405094960918965	1.7909282718665571	.0006330592600894165	.23390556637398535
79.8	.04026091288269738	1.79116349889657	.0006331842993150608	.23392320789392856
79.9	.040014545096681814	1.7913966003012032	.0006333095293182274	.2339407294290963
80	.039770375295414676	1.7916275921916949	.0006334349858921656	.2339581327013605
80.1	.03952838648669034	1.7918564902379475	.0006335607057491742	.23397541942484207
80.2	.039288562124532786	1.7920833096685285	.0006336867265206008	.23399259130591069
80.3	.03905088610919568	1.79230806527067	.0006338130867568428	.234009650043185
80.4	.03881534278716217	1.7925307713902685	.0006339398259273468	.23402659732753248
80.5	.038581916951145136	1.7927514419318855	.0006340669844206086	.23404343484206952
80.6	.03835059384008694	1.792970090358747	.0006341946035441733	.23406016426216142
80.7	.03812135913915956	1.7931867296927442	.0006343227255246358	.2340767872554223
80.8	.03789419897976466	1.793401372514432	.0006344513935076397	.23409330548171522
80.9	.03766909993953339	1.7936140309630308	.0006345806515578784	.2341097205931521
81	.03744604904232662	1.7938247167364254	.0006347105446590945	.23412603423409378
81.1	.03722503375823472	1.7940334410911654	.0006348411187140797	.23414224804114994
81.2	.037006042003577655	1.7942402148424648	.0006349724205446755	.23415836364317913
81.3	.036789062140905104	1.7944450483642027	.0006351044978917721	.23417438266128887
81.4	.0365740829789962	1.7946479515889227	.0006352373994153098	.23419030670883548
81.5	.0363610937728598	1.7948489340078329	.0006353711746942775	.2342061373914242
81.6	.036150084223734294	1.7950480046708064	.000635505874226714	.2342218763069092
81.7	.03594104447908764	1.7952451721863807	.0006356415494297071	.23423752504539339
81.8	.03573396513261751	1.7954404447217585	.000635778252639394	.23425308518922874
81.9	.035528837224251035	1.7956338300028063	.0006359160371109614	.23426855831301602
82	.035325652240145076	1.795825335314056	.0006360549570186449	.23428394598360489
82.1	.03512440211268601	1.7960149674987043	.0006361950674557301	.23429924976009386
82.2	.03492507922048981	1.7962027329586119	.0006363364244345513	.23431447119383042
82.3	.03472767638840212	1.7963886376543046	.0006364790848864926	.23432961182841086
82.4	.0345321868874981	1.796572687104973	.0006366231066619871	.2343446731996804
82.5	.03433860443508259	1.7967548863884724	.0006367685485305172	.2343596568357331
82.6	.03414586761995621	1.7969364923605144	.0006369006874996421	.23437432177454545
82.7	.0339540062888889	1.7971174674149277	.0006370200776497411	.2343886776232121
82.8	.03376383850677058	1.7972968389772144	.0006371383062455687	.23440291494485496
82.9	.03357535137946137	1.7974746203204213	.0006372553181468568	.23441703330778502
83	.03338853231426196	1.7976508244480218	.0006373710571047029	.2344310322393018
83.1	.03320336901991348	1.7978254640939164	.0006374854657615705	.23444491122569336
83.2	.03301984950659747	1.7979985517224324	.0006375984856512891	.23445866971223622
83.3	.032837962085936076	1.7981700995283239	.0006377100571990538	.23447230710319547
83.4	.032657695370991786	1.7983401194367712	.0006378201197214256	.23448582276182464
83.5	.03247903827626768	1.798508623103382	.0006379286114263314	.23449921601036586
83.6	.032301980017707205	1.7986756219141906	.0006380354694130641	.23451248613004969
83.7	.03212651011269432	1.798841126985658	.0006381406296722821	.23452563236109525
83.8	.03195261838005352	1.7990051491646721	.00063824402708601	.23453865390271014
83.9	.031780294940049664	1.7991676990285475	.0006383455954276381	.23455154991309052
84	.0316095302143882	1.7993287868850256	.0006384452673619224	.234564319509421
84.1	.031440314926214956	1.7994884227722743	.000638542974444985	.23457696176787476
84.2	.031272640100116246	1.799646616458889	.0006386386471243136	.23458947572361344
84.3	.03110649706211894	1.799803377443891	.0006387322147387621	.23460186037078726
84.4	.03094187743969027	1.799958714956729	.0006388236055185499	.23461411466253485
84.5	.03077877316173804	1.8001126379572785	.0006389127465852624	.23462623751098344
84.6	.03061717645861046	1.800265155135841	.0006389995639518509	.23463822778724872
84.7	.030457079862096222	1.8004162749131458	.0006390839825226325	.23465008432143494
84.8	.030298476205424543	1.800566005440348	.0006391659260932901	.23466180590263483
84.9	.03014135862326504	1.8007143545990305	.0006392453173508725	.2346733912789296
85	.029985720551727883	1.8008613300012022	.0006393220778737943	.23468483915738908
85.1	.029831555728363653	1.801006938989299	.0006393961281318361	.23469614820407148
85.2	.029678858192163402	1.8011511886361837	.0006394673874861441	.2347073170440236
85.3	.02952762228355873	1.8012940857451458	.0006395357741892305	.23471834426128071
85.4	.029377842644421615	1.8014356368499014	.0006396012053849734	.23472922839886665
85.5	.029229514218064596	1.8015758482145936	.0006396635971086167	.2347399679587937
85.6	.029082632249240625	1.8017147258337922	.0006397228642867701	.23475056140206274
85.7	.02893719228414313	1.8018522754324942	.0006397789207374092	.23476100714866308
85.8	.02879319017040607	1.8019885024661222	.0006398316791698755	.23477130357757253
85.9	.028650622057103798	1.802123412120527	.0006398810511848761	.23478144902675752
86	.028509484394751223	1.802257009311985	.0006399269472744843	.23479144179317288
86.1	.028369773935303665	1.8023892986872003	.000639969276822139	.23480128013276202
86.2	.02823148773215692	1.8025202846233033	.0006400079481026451	.23481096226045683
86.3	.028093855643005473	1.8026505224987652	.0006400541950461934	.23482075954946016
86.4	.027955175231798426	1.8027812372785306	.0006401330137641559	.23483127529976056
86.5	.027817599824612814	1.8029108843924941	.0006402125001634771	.23484174037552633
86.6	.027681114296919135	1.8030394767526072	.0006402927556015993	.23485215759171815
86.7	.02754570359365513	1.803167027167868	.000640373883750804	.2348625298048587
86.8	.027411352729225857	1.8032935483443204	.0006404559905982119	.23487285991303264
86.9	.027278046787503535	1.8034190528850556	.0006405391844457826	.23488315085588668
87	.02714577092182771	1.8035435532902107	.0006406235759103153	.2348934056146295
87.1	.02701451035500513	1.803667061956969	.0006407092779234481	.23490362721203178
87.2	.02688425037930978	1.8037895911795607	.0006407964057316581	.23491381871242623
87.3	.026754976356482954	1.8039111531492622	.0006408850768962618	.2349239832217075
87.4	.026626673717733116	1.8040317599543962	.000640975411293415	.2349341238873323
87.5	.02649932796373606	1.804151423580332	.0006410675311141124	.2349442438983194
87.6	.026372924664634766	1.8042701559094851	.0006411615608641878	.23495434648524943
87.7	.026247449460039467	1.8043879687213178	.0006412576273643144	.23496443492026511
87.8	.026122888059027703	1.8045048736923381	.0006413558597500044	.2349745125170712
87.9	.02599922624014418	1.8046208823961012	.0006414563894716093	.23498458263093436
88	.025876449851400928	1.8047360063032083	.0006415593502943196	.23499464865868333
88.1	.02575454481027718	1.804850256781307	.0006416648782981652	.23500471403870882
88.2	.025633497103719406	1.8049636450950912	.0006417731118780149	.23501478225096356
88.3	.025513292788141382	1.8050761824063017	.0006418841917435766	.23502485681696228
88.4	.02539391798942407	1.8051878797737253	.0006419982609193979	.2350349412997817
88.5	.025275358902915736	1.8052987481531952	.000642115464744865	.23504503930406057
88.6	.02515760179343185	1.8054087983975913	.0006422359508742034	.23505515447599962
88.7	.025040632995255135	1.8055180412568397	.0006423598692764778	.23506529050336156
88.8	.024924438912135607	1.8056264873779126	.0006424873722355924	.23507545111547118
88.9	.024809006017290466	1.8057341473048292	.0006426186143502898	.23508564008321522
89	.024694320853404225	1.805841031478655	.0006427537525341524	.23509586121904238
89.1	.024580370032628595	1.8059471502375015	.0006428929460156017	.2351061183769635
89.2	.02446714023658254	1.8060525138165269	.0006430363563378981	.23511641545255124
89.3	.024354618216352323	1.806157132347936	.0006431841473591413	.2351267563829404
89.4	.02424279079249138	1.8062610158609795	.0006433364852522701	.23513714514682776
89.5	.024131644855020472	1.8063641742819552	.0006434935385050627	.23514758576447206
89.6	.024021167363427555	1.8064666174342063	.000643655477920136	.23515808229769408
89.7	.023911345346667834	1.8065683550381237	.0006438224766149466	.2351686388498766
89.8	.023802165903163804	1.8066693967111436	.0006439947100217898	.23517925956596436
89.9	.02369361620080516	1.806769751967749	.0006441723558878004	.23518994863246417
90	.023585683476948897	1.8068694302194697	.0006443555942749522	.2352007102774448
90.1	.02347996019933199	1.8069676901762504	.0006444945327968227	.2352104761205216
90.2	.023375061971906613	1.8070651825061559	.0006446321500946023	.2352201671608089
90.3	.023270914067051084	1.807161945385111	.0006447705727418873	.23522982929847083
90.4	.023167511211668674	1.8072579844405363	.0006449097650837874	.23523946210861527
90.5	.023064848325618354	1.807353305139154	.0006450496899278956	.23524906512539082
90.6	.022962920521714676	1.8074479127869871	.0006451903085442877	.23525863784198697
90.7	.02286172310572782	1.8075418125293605	.0006453315806655229	.23526817971063393
90.8	.02276125157638364	1.8076350093508997	.0006454734644866433	.2352776901426028
90.9	.022661501625363553	1.8077275080755322	.000645615916665174	.23528716850820539
91	.022562469137304676	1.807819313366486	.0006457588923211234	.23529661413679437
91.1	.022464150189799706	1.8079104297262911	.0006459023450369828	.23530602631676314
91.2	.022366541053396964	1.8080008614967786	.0006460462268577266	.23531540429554595
91.3	.022269638191600452	1.8080906128590806	.0006461904882908123	.23532474727961786
91.4	.022173438260869732	1.808179687833631	.0006463350783061808	.2353340544344947
91.5	.022077938110620057	1.808268090280164	.0006464799443362554	.23534332488473308
91.6	.021983134783222273	1.8083558238977167	.000646625032275943	.23535255771393046
91.7	.02188902551400285	1.8084428922246258	.0006467702864826336	.23536175196472503
91.8	.02179560773124392	1.8085292986385304	.0006469156497761999	.23537090663879587
91.9	.021702879056183205	1.8086150463563706	.000647061063438998	.23538002069686276
92	.021610837303014094	1.8087001384343875	.000647206467215867	.23538909305868633
92.1	.02151948047888558	1.808784577768124	.000647351799314129	.235398122603068
92.2	.02142880678390227	1.8088683670924237	.0006474969964035893	.23540710816785002
92.3	.02133881461112445	1.808951508981432	.0006476419936165363	.23541604854991538
92.4	.021249502546567982	1.8090340058485954	.0006477867245477412	.2354249425051879
92.5	.0211608693692044	1.8091158599466617	.0006479311212544586	.2354337887486322
92.6	.02107291405096083	1.8091970733676797	.0006480751142564262	.23544258595425366
92.7	.020985635756720043	1.8092776480430002	.0006482186325358644	.23545133275509852
92.8	.020899033844320455	1.8093575857432744	.000648361603537477	.23546002774325378
92.9	.020813107864556073	1.8094368880784555	.000648503953168451	.23546866946984724
93	.02072785756117658	1.8095155564977978	.0006486456057984561	.23547725644504752
93.1	.02064328287088725	1.8095935922898567	.0006487864842596452	.23548578713806398
93.2	.020559383923348985	1.809670996582489	.0006489265098466546	.23549425997714687
93.3	.020476161041178352	1.8097477703428528	.000649065602316603	.23550267334958716
93.4	.020393614739947503	1.8098239143774075	.0006492036798890932	.23551102560171663
93.5	.020311745728184265	1.809899429331914	.00064934065924621	.23551931503890788
93.6	.020230554907372054	1.8099743156914336	.000649476455532522	.23552753992557435
93.7	.020150043371949918	1.8100485737803305	.0006496109823550806	.23553569848517014
93.8	.020069564070616473	1.8101227292391955	.0006497495586485357	.23554394550672755
93.9	.019989354645019768	1.810196590662841	.0006498901254615312	.23555222208690244
94	.019909728717764832	1.8102699050593902	.0006500299902659487	.2355604509747617
94.1	.01983068390248729	1.8103426755571541	.000650169095983838	.23556863125714664
94.2	.0197522179325889	1.8104149051830658	.0006503073846101014	.23557676199761834
94.3	.019674328661237594	1.8104865968626784	.0006504447972124924	.23558484223645762
94.4	.01959701406136738	1.8105577534201673	.0006505812739316171	.23559287099066506
94.5	.019520272225678446	1.8106283775783285	.0006507167539809329	.235600847253961
94.6	.019444101366637098	1.8106984719585792	.0006508511756467496	.2356087699967855
94.7	.019368499816475752	1.8107680390809582	.0006509844762882287	.2356166381662985
94.8	.019293466027193003	1.810837081364125	.0006511165923373834	.23562445068637952
94.9	.019218998570553536	1.8109056011253604	.0006512474592990792	.23563220645762797
95	.019145096138088208	1.8109736005805668	.0006513770117510334	.23563990435736296
95.1	.019071757541093977	1.8110410818442673	.0006515051833438149	.2356475432396234
95.2	.018998981710633942	1.8111080469296064	.0006516319068008448	.2356551219351679
95.3	.018926767697537355	1.81117449774835	.0006517571139183961	.23566263925147488
95.4	.018855114672399573	1.8112404361108847	.0006518807355655937	.23567009397274247
95.5	.01878402192558212	1.811305863726219	.0006520027016844142	.2356774848598886
95.6	.01871348886721262	1.8113707822019818	.0006521229412896864	.2356848106505509
95.7	.018643515027184837	1.8114351930444237	.0006522413824690908	.23569207005908688
95.8	.0185741000551587	1.8114990976584164	.00065235795238316	.23569926177657363
95.9	.01850524372056022	1.811562497347453	.0006524725772652781	.23570638447080816
96	.018436945912581593	1.811625393313647	.0006525851824216817	.23571343678630713
96.1	.018369206640181115	1.8116877866577343	.0006526956922314588	.23572041734430701
96.2	.018302026032083217	1.8117496783790712	.0006528040301465496	.235727324742764
96.3	.018235404336778487	1.811811069375635	.0006529101186917461	.2357341575563541
96.4	.01816934192252361	1.811871960444025	.0006530138794646923	.23574091433647298
96.5	.01810383927734145	1.8119323522794613	.0006531152331358838	.23574759361123618
96.6	.018038897009020963	1.8119922454757846	.0006532140994486685	.23575419388547894
96.7	.017974515845117254	1.812051640525458	.000653310397219246	.2357607136407562
96.8	.017910696632951573	1.8121105378195648	.0006534040443366679	.23576715133534282
96.9	.017847440339611283	1.8121689376478098	.0006534949577628377	.2357735054042332
97	.017784748051949902	1.8122268401985195	.0006535830535325106	.23577977425914168
97.1	.017722620976587063	1.8122842455586405	.0006536682467532938	.23578595628850227
97.2	.01766106043990853	1.8123411537137417	.0006537504516056468	.23579204985746877
97.3	.017600067888066225	1.8123975645480126	.0006538295813428805	.2357980533079147
97.4	.017539644886978175	1.8124534778442638	.0006539055482911578	.23580396495843337
97.5	.017479138598636246	1.8125093433522645	.0006539903062410877	.23581003965495462
97.6	.01741795068388234	1.8125655733278634	.0006540948075511362	.2358165109054107
97.7	.017357154562685117	1.8126214304607289	.0006541992476448246	.23582295696972444
97.8	.017296744450558465	1.8126769195119126	.0006543036791918476	.2358293791422487
97.9	.01723671454734552	1.8127320452342175	.0006544081564266149	.23583577874714265
98	.01717705903721874	1.812786812372198	.0006545127351482516	.2358421571383718
98.1	.017117772088679845	1.8128412256621595	.000654617472720598	.235848515699708
98.2	.017058847854559824	1.812895289832159	.0006547224280722097	.23585485584472932
98.3	.017000280472018993	1.812949009602005	.0006548276616963573	.2358611790168202
98.4	.0169420640625469	1.8130023896832559	.0006549332356510268	.23586748668917137
98.5	.016884192731962434	1.8130554347792232	.0006550392135589194	.2358737803647799
98.6	.016826660570413716	1.8131081495849684	.0006551456606074515	.23588006157644914
98.7	.01676946165237817	1.8131605387873049	.0006552526435487548	.23588633188678879
98.8	.01671259003666252	1.813212607064797	.0006553602306996762	.23589259288821482
98.9	.01665603976640274	1.8132643590877604	.0006554684919417777	.2358988462029495
99	.01659980486906413	1.813315799518262	.0006555774987213366	.2359050934830215
99.1	.016543879356441235	1.8133669330101205	.0006556873240493456	.23591133641026568
99.2	.016488257224657896	1.8134177642089049	.0006557980425015124	.23591757669632332
99.3	.016432932454167257	1.8134682977519363	.00065590973021826	.2359238160826419
99.4	.01637789900975171	1.8135185382682866	.0006560224649047265	.23593005634047534
99.5	.01632315084052297	1.813568490378779	.0006561363258307656	.23593629927088378
99.6	.016268681879922007	1.8136181586959883	.0006562513938309458	.2359425467047337
99.7	.016214486045719078	1.8136675478242403	.0006563677513045511	.23594880050269787
99.8	.016160557240013744	1.8137166623596122	.0006564854822155805	.23595506255525542
99.9	.01610688934923482	1.8137655068899323	.0006566046720927484	.2359613347826917
100	.016053476244140438	1.8138140859947802	.0006567254080294845	.23596761913509853
